best: 88.7201093817584
 
 
[-0.16809942 -0.42392372  0.36086926 -0.54965872 -0.05830135  0.29907757
  0.60530276 -0.08116745  0.70593666 -0.21489649  0.02986659 -0.73653313
  0.72285232  0.40041535 -0.42651268 -0.27568792 -0.41261616 -0.07847
 -0.51804323 -0.11302971 -0.22533888 -0.18328032 -0.5110966  -0.48443604
 -0.3045047   0.31257128 -0.32610735  0.0225996   0.49659671 -0.23964162
  0.10802497 -0.33715076 -0.16178685 -0.11210408  0.00628714 -0.7124678
 -0.8384535   0.36301296 -0.25979773  0.05296658  0.77129665 -0.59486046
  0.31333107 -0.17368498  0.10009193  0.6721265  -0.333871    0.72253102
  0.41138247  0.41849458 -0.48145705 -0.08912562 -0.3050024   0.6387146
 -0.66739848  0.28202934  0.77345707 -0.61062557 -0.49224401  0.46113279
 -0.25288363 -0.43615542 -0.34219829  0.24406552 -0.4818886   0.55082048
  0.48623907  0.10432134  0.03878939 -0.55291352 -0.24861395 -0.66909831
 -0.32950428 -0.60524106 -0.60890391 -0.05200502 -0.58469293 -0.05809135
 -0.19940569  0.6597809   0.36514834  0.1699195  -0.6314226   0.02176391
 -0.7966725  -0.38453275  0.58391568  0.34761758  0.19850018  0.3512757
  0.34493343  0.18210123  0.28128015  0.57624647  0.38527175 -0.82417328
  0.55302361  0.59867594 -0.12610452 -0.4840605   0.48649077  0.35956955
  0.42101054  0.538826    0.04764333  0.71922395  0.01430996  0.81563297
  0.32687634 -0.32048829  0.46604656  0.29247706 -0.71185704 -0.19316848
  0.36470627  0.33969625  0.21389793  0.16897037 -0.88233139 -0.32611309
  0.08353393 -0.51103701  0.3135529   0.17336837 -0.17979425 -0.19956781
 -0.66883786  0.22552672  0.5370425   0.20653149 -0.0496528   0.52425088
  0.29231311 -0.49836251  0.57094223  0.29675867 -0.52500628 -0.30388703
 -0.69830439  0.53880054 -0.46023701 -0.32549745  0.31431272  0.51463493
  0.51403045 -0.02647548 -0.48016065  0.4339602  -0.24188472 -0.14913063
  0.49354766 -0.36232069 -0.3819353  -0.15727386  0.467295   -0.38133409
 -0.08340602  0.16328004 -0.64393352 -0.50992342 -0.54450665 -0.44127349
 -0.53078041  0.33561357 -0.71317562  0.47775248  0.13054422 -0.07742387
 -0.64934654 -0.59776932 -0.35025499 -0.18834489  0.58368057 -0.39628155
 -0.31270716 -0.07228605 -0.54093631  0.05779105 -0.02036667 -0.03245222
  0.31567905  0.64820628  0.44426197 -0.32862912 -0.17619946  0.50955112
  0.58858325  0.74343403 -0.46271906 -0.55198506 -0.37467406  0.15045404
 -0.51195577 -0.46297684 -0.22112814 -0.14161894 -0.21544389  0.46553575
  0.10322814 -0.2231914   0.13257163  0.04699285 -0.54222998  0.10798467
 -0.29806693  0.18192984 -0.5438929  -0.45845118  0.62458775  0.10878511
 -0.46129123  0.52332879  0.1670114   0.66076612 -0.60070462 -0.21254566
  0.51852075  0.65937546  0.43169526  0.81719481  0.36665076 -0.16549696
 -0.65782921  0.64151312  0.39351682  0.51318734  0.57984129  0.42233883
 -0.68513894 -0.0318024   0.70496728 -0.42985687  0.22026356  0.55028882
  0.87965417  0.36891384 -0.52042178 -0.69012568  0.01036469  0.07356696
  0.4745436   0.44838506 -0.02131621 -0.33428524  0.28535512 -0.59661712
  0.79581528 -0.70251917 -0.08325658  0.38359786 -0.68891981 -0.4998443
 -0.34865528  0.84424493  0.10545664  0.2423795   0.21706953  0.4184751
  0.49973709 -0.79239468  0.64884129 -0.62439424 -0.02529738  0.36591053
  0.6911923 ]