best: 87.1865331952289
 
 
[-0.91262677 -0.71050053  0.15264884 -0.98615798  0.81983918 -0.76601722
 -0.64731793  0.99998861 -0.59211552 -0.92136821 -0.71015455 -0.60026743
  0.20387226  0.17246981  0.60409774 -0.75713751  0.03817772 -0.14544835
  0.49598116  0.13890794  0.09108376  0.35923034 -0.35003002 -0.62452295
 -0.55931108 -0.0708286  -0.44168282  0.36215713  0.37630874  0.75430971
  0.34908466  0.77897085 -0.45872115 -0.98356202 -0.69911218 -0.71045961
  0.62073974  0.43851342  0.06257233  0.44206013  0.21155923 -0.76766216
  0.62157215  0.09671447  0.29159915 -0.61309382  0.93896741 -0.43165127
  0.79288354 -0.32243053  0.96245318 -0.24575825  0.42329872 -0.52477064
 -0.62900936  0.48573736  0.37154477  0.40661902  0.14483865  0.2595411
 -0.86302479  0.865655   -0.40254062  0.89794195  0.32535082 -0.52149251
 -0.02989388 -0.42549724 -0.35513354 -0.82755689  0.59354829 -0.98480465
  0.26924074  0.2403059   0.9050631  -0.53952471  0.82272129 -0.61313179
  0.43332182  0.39139037 -0.59053987  0.09942599 -0.47534728  0.61464305
  0.15085079 -0.5537645   0.67931116 -0.41466904  0.5164058   0.28107073
  0.31442455  0.68931653  0.79515448 -0.81902199 -0.3607316   0.92313154
  0.04977256 -0.41994142  0.25083105 -0.16653803  0.65774194  0.75071893
 -0.15977752 -0.42447765 -0.18040438  0.3083303   0.72482301  0.72233529
 -0.12259411  0.5287031   0.62562007 -0.0196332   0.35136575  0.36092979
 -0.33648243  0.11221921  0.17611827 -0.87151089 -0.21367631  0.90264854
 -0.75534779 -0.25128977 -0.79847851 -0.86461367  0.35147029 -0.35769816
 -0.0768144   0.34496292 -0.7071863   0.88948091  0.95704773  0.96372015
 -0.76496893  0.60781764 -0.11655369  0.37146694 -0.22844974  0.04379114
  0.36351165  0.12416806  0.11470874  0.6437106  -0.3409552   0.8357387
 -0.58626038  0.19902306  0.0220789   0.43555092 -0.06530663  0.32480226
  0.52350773  0.54674303 -0.62655299 -0.27707395  0.31665548  0.07428138
 -0.73546932 -0.92259133  0.33783907 -0.61303125  0.76531927 -0.76813795
  0.87804793 -0.07100227 -0.98748631 -0.16682822 -0.47569271  0.17170786
  0.35362366 -0.47657107  0.0580275  -0.51111023  0.19052506 -0.02446444
  0.44092952  0.05316315 -0.89117775  0.81767252 -0.68487286  0.24466008
 -0.84660265 -0.13586603 -0.71663711  0.70722926  0.87457019 -0.59212348
  0.97442527 -0.31623961 -0.87989261  0.08105876 -0.61533747 -0.52644805
  0.43359371  0.75355832 -0.31407794  0.37740996  0.6634149   0.12117701
  0.25385236 -0.66844489 -0.42884231 -0.43200433  0.549674   -0.62073331
 -0.27803488  0.43803244  0.8560733   0.1827125   0.73303745 -0.12407307
  0.59697046  0.76181037 -0.72215929  0.85715218  0.30947532 -0.70602878
 -0.68851228  0.19016903  0.31519908 -0.8351978   0.50276654  0.55681949
 -0.30808324  0.50407134  0.27086024  0.89537736 -0.09400502 -0.55136399
 -0.36803553 -0.9278916  -0.67250786 -0.59831146 -0.13213684 -0.62412313
  0.13692293  0.85252496 -0.64325247  0.92408226  0.77721577 -0.19995611
  0.35140976 -0.38777276  0.44813502 -0.36848114 -0.84355238 -0.31495944
 -0.06898379 -0.08576455 -0.23910865  0.57649232 -0.51802957  0.74246157
 -0.92005114  0.32289024 -0.00709669 -0.86081693 -0.53411986 -0.14990771
 -0.95559976 -0.28534157 -0.44031157  0.88231287 -0.93869809 -0.59767763
 -0.78036695]