best: 55.7114691537691
 
 
[ 0.03603168 -0.38957066 -0.25301166 -0.48129731  0.26166671 -0.30523992
 -0.32394752 -0.39102422  0.47708904 -0.37910389 -0.13573308 -0.14149004
 -0.26752719  0.1316483   0.07846612 -0.21582271  0.45943271  0.25721005
 -0.19091693  0.3506931  -0.21339726 -0.66903101 -0.31718925 -0.49887438
 -0.18185238  0.1664892   0.19180995 -0.18785907  0.11456444 -0.03526003
 -0.55131868  0.1684163   0.3997004   0.35998883 -0.20737601 -0.44587302
 -0.37056948 -0.00300277  0.02278672 -0.0923141  -0.21901804  0.56330712
  0.32374192  0.75719337 -0.4585509   0.08507817 -0.44758361  0.19605021
  0.22127571  0.13777544  0.52618172  0.01710974  0.38528662 -0.33570813
 -0.37298195 -0.05302401 -0.07557244  0.78133417 -0.30887706  0.24825092
  0.4727821  -0.34910352 -0.01933635  0.22771045  0.35960542  0.2255064
 -0.19045742  0.67170403 -0.6568954   0.33807351 -0.64526727  0.19119979
 -0.18390473  0.57324808  0.32482397 -0.47352288 -0.24605739  0.61180437
 -0.10579759 -0.21566882  0.18998927 -0.1074612  -0.16064999 -0.40370473
 -0.45742711  0.0345848  -0.66759156  0.40176759 -0.08218224  0.11252038
 -0.66688073  0.26392078 -0.14180254 -0.154955    0.3191487   0.11611057
  0.11934366 -0.23425269 -0.42148231  0.02614896 -0.31244492 -0.10258922
  0.01124758  0.17789781  0.48786962  0.05677405 -0.39425471 -0.28643002
  0.11536515  0.38728634 -0.39243999 -0.61732214  0.10665063  0.66387686
  0.38405514 -0.31638348  0.28528293 -0.34768258 -0.18816631  0.07933401
 -0.29876537 -0.33663485 -0.19175369  0.08906344  0.3939904   0.54640057
 -0.15008929 -0.18199683  0.45258457  0.03740485  0.08744882 -0.43652181
 -0.21105016  0.02942988  0.57808507  0.20437476 -0.1302266  -0.13965217
 -0.12602794 -0.03696476 -0.36168569 -0.26617157  0.3718345   0.67370326
  0.34796502 -0.27538757  0.00337258  0.59738238  0.23554687 -0.0238951
 -0.27958516 -0.27320774  0.12683632 -0.07969314  0.58971785  0.31080331
  0.1584876   0.49835112 -0.39467107  0.00516838 -0.50881546  0.18277241
  0.45751227  0.47940429 -0.40571701 -0.68777152  0.15453184  0.18600839
  0.47618464 -0.15595347  0.03804368 -0.4580001  -0.45224539  0.53860094
 -0.14994306 -0.23745439  0.26804886  0.23372434 -0.30009699  0.01905493
  0.15777556  0.45780019  0.16973594  0.13471463 -0.33662454  0.30789774
  0.56638166  0.55655688 -0.24754533  0.25754909 -0.1216416  -0.54435155
 -0.28364638  0.16088756 -0.17764904  0.14412666  0.90752834 -0.03027474
  0.28322924 -0.07940438 -0.04022577  0.34033859  0.46313411  0.49263946
  0.19177078 -0.34393389  0.10011886  0.55259377 -0.51596271  0.16680407
 -0.30417168 -0.4549096  -0.2706377   0.37828258  0.31184673  0.27578309
  0.20978345 -0.37752727 -0.03136142  0.31769826  0.24197567  0.32592335
 -0.12913115  0.16237399 -0.05324928 -0.1622396  -0.36758341 -0.37317288
 -0.18429931 -0.31622014 -0.36997045  0.21584674  0.0131009   0.26757808
  0.28457607 -0.52583543  0.18797523 -0.27452595  0.48290005 -0.28725048
  0.13049833 -0.21860325 -0.07794354  0.32552131 -0.56784613  0.07443171
 -0.00863121 -0.27924954  0.53449928 -0.09284567 -0.12531887  0.44968115
 -0.69073774  0.3810679  -0.30215518 -0.32566182 -0.63374117  0.1262181
 -0.15342141  0.05264418 -0.23025805  0.31811192 -0.63886652 -0.56431047
 -0.09789507]