LOG:
{'NPOP': 25, 'GENS': 50, 'MUTA start': 0.3, 'Cross MODE': 'fraction', 'Select Mode': 'prop', 'Mutate Mode': 'random', 'Lucky survivors': True, 'MUTA step': 0.006, 'Number of Childs': 1, 'time': datetime.date(2019, 10, 3), 'total_time': 2146.00657582283}
Results: 
{'Best Score': (-6.385194398997726, 75.75297592783951), 'Scores': array([75.75297593, 75.75297593, 75.75297593, 75.75297593, 75.75297593,
       75.16226955, 75.16226955, 75.16226955, 75.16226955, 75.16226955,
       75.16226955, 75.16226955, 75.16226955, 75.16226955, 75.16226955,
       75.16226955, 57.6018373 , 57.16226955, 57.16226955, 57.16226955,
       57.16226955, 57.16226955, 57.16226955, 21.75297593, 21.75297593,
       21.75297593, 21.75297593, 21.74250463, 12.70168263, 12.6018373 ,
        3.75297593,  3.28626719,  3.13070309, -5.24702407, -5.24702407,
       -5.24702407, -5.25227343, -5.25227343, -5.25227343, -5.27299956,
       -5.3981627 , -5.68697536, -5.72684775, -5.80814249, -5.83773045,
       -5.85220248, -5.91889385, -5.92692603, -6.3851944 ]), 'Avg Scores': [5.8494012742212504, 12.86294845664387, 15.357710216361191, 22.60632283911665, 29.115430416749202, 28.589061965713597, 35.3943402205653, 30.91956724923292, 29.08045744457346, 33.417609443273115, 27.033785728064295, 30.31138271729115, 24.900139403228412, 30.203358057102253, 31.080668580464664, 30.539549058767747, 29.111556928070023, 32.02595093417667, 37.70645800825738, 35.91795738179989, 34.39942717348177, 36.7396525718579, 27.377167847675313, 33.66487616220764, 31.18978417757744, 35.01766740720978, 37.23381940979738, 37.76872868302545, 32.07237286026748, 37.59808579953837, 37.026748561379456, 31.534279604336486, 32.224763273045575, 36.54898707460827, 41.440205722128965, 32.41930565199058, 36.87095085061566, 37.85237573826273, 36.93127184727487, 36.65023456766584, 32.635948616138556, 35.44364840155111, 35.79791489097222, 31.125168911453592, 36.93362224043592, 33.367232132075934, 34.56521694698375, 35.57057612219151, 32.83177375050684, 33.89880012766383], 'Best Scores': [(-5.8377304471659395, 57.26665872310225), (-5.3981627015177525, 57.26665872310225), (-5.8377304471659395, 57.26665872310225), (-5.908082938168931, 66.10559716573515), (-5.869296913133774, 75.09191706183107), (-5.869296913133774, 75.09191706183107), (-6.331501849893691, 75.09191706183107), (-6.385194398997726, 75.09191706183107), (-6.175867270105761, 75.09191706183107), (-5.869296913133774, 66.16226955283406), (-5.8377304471659395, 66.21925648420768), (-5.8998973535824915, 66.16226955283406), (-5.8377304471659395, 66.16226955283406), (-5.963579343618446, 75.75297592783951), (-5.963579343618446, 75.75297592783951), (-5.8377304471659395, 75.75297592783951), (-5.8377304471659395, 75.75297592783951), (-5.849324779946859, 75.75297592783951), (-5.82600010738045, 75.75297592783951), (-5.8377304471659395, 75.75297592783951), (-5.8377304471659395, 75.75297592783951), (-5.8377304471659395, 75.75297592783951), (-5.869296913133774, 75.75297592783951), (-5.8377304471659395, 75.75297592783951), (-5.8377304471659395, 75.75297592783951), (-5.942799375126701, 75.75297592783951), (-5.869296913133774, 75.75297592783951), (-6.385194398997726, 75.75297592783951), (-5.8377304471659395, 75.75297592783951), (-5.8377304471659395, 75.75297592783951), (-5.8377304471659395, 75.75297592783951), (-6.336825731146441, 75.75297592783951), (-6.340359303727752, 75.75297592783951), (-5.8377304471659395, 75.75297592783951), (-6.175867270105761, 75.75297592783951), (-6.608000625296087, 75.75297592783951), (-6.3473892096560105, 75.75297592783951), (-6.3818160174060985, 75.75297592783951), (-5.8377304471659395, 75.75297592783951), (-5.8377304471659395, 75.75297592783951), (-5.8377304471659395, 75.75297592783951), (-5.869296913133774, 75.75297592783951), (-6.396929655216146, 75.75297592783951), (-5.869296913133774, 75.75297592783951), (-5.869296913133774, 75.75297592783951), (-6.428105272684596, 75.75297592783951), (-6.432940092739179, 75.75297592783951), (-5.869296913133774, 75.75297592783951), (-5.926926025970411, 75.75297592783951), (-6.385194398997726, 75.75297592783951)], 'sollution': array([ 0.3638857 , -0.60548962, -0.177103  ,  0.23761497, -0.23199693,
       -0.74052915,  0.64888615,  0.46093771, -0.40413934, -0.80577069,
        0.73899402, -0.5174269 ,  0.57626167, -0.84622769, -0.03642516,
       -0.05707568, -0.21087599, -0.93010569, -1.        , -0.06562438,
       -0.78195802,  0.36778391,  0.8484525 ,  0.08477983,  0.93439055,
       -0.77602694, -0.05177175,  0.30704006,  0.7513839 ,  0.78026978,
        0.08621658,  0.16701231,  0.85373208, -1.        ,  0.55320671,
        0.75105507, -0.04692566,  0.35780973,  1.        ,  0.25791072,
       -0.43537354,  0.58430183,  1.        ,  0.65289833, -1.        ,
        0.80185983,  0.35009659, -0.72394399,  0.70435961, -0.39098789,
       -0.3153315 , -1.        ,  0.75122233, -0.32175117, -0.54054428,
        0.42474305, -0.11948752, -0.29135475, -0.15216935, -0.87026226,
       -0.47537676, -0.75765245, -0.26895285,  0.98112628,  0.18784952,
        0.04130507,  0.37635644, -0.68326133, -0.41057434, -0.10492307,
       -0.11197764,  0.56411988,  0.38180691,  0.34260275,  0.93478372,
        1.        , -0.72199487,  0.26007852,  0.20373215,  0.35698864,
       -0.78906461,  1.        ,  0.40035561, -0.58558825, -0.59765811,
       -0.11056435,  0.52317207, -0.80121332, -0.48210404, -0.5355671 ,
       -0.66507043,  0.14068337, -0.17598405,  0.18063845,  0.12231311,
       -0.84439152, -0.92256035,  0.84527055,  0.61355058,  0.54951632,
       -0.88276992,  0.21679666, -0.18206945, -1.        , -0.27525987,
       -0.29745344,  0.67316521, -0.98317639,  0.85228874, -0.35204493,
        0.41089636, -0.48046365, -0.34926607,  0.56530811,  0.81821041,
        0.00196384,  0.1085708 ,  0.72333635,  0.4121368 ,  0.14160927,
       -0.4545673 , -0.51214627,  0.10419739,  0.88149964,  0.42190666,
        0.75832102, -0.2206585 ,  0.08526026, -0.07684643, -1.        ,
        0.17871707,  0.15353726,  0.92018166, -0.2157855 ,  0.45294791,
        0.03440022, -0.47778426,  0.06209534,  0.71871227,  0.51831322,
        0.69638976, -0.43150994, -0.09963012,  0.69225155, -0.00903835,
        0.62710144, -0.87607163, -0.04699925,  0.47604044,  0.21077003,
       -0.39484258,  0.13557222,  0.09381821,  0.85149037, -0.91192434,
       -0.09932796,  0.42089207,  0.60991502, -0.75417869, -0.72683941,
       -0.2101445 , -0.94141304, -0.4810239 , -0.62017589,  1.        ,
        0.21993572, -1.        , -0.32421208,  0.30163964,  0.66537644,
        0.49865319,  0.05316858,  0.41968246, -0.02655614, -0.34709429,
       -0.38815575, -0.43688567, -0.75058848,  0.34712522,  0.42367734,
        1.        ,  0.36799899,  0.4920227 ,  0.98071593,  0.03973343,
        0.30596405, -0.15326606,  0.44608694, -0.74177373, -1.        ,
       -0.33281105,  1.        , -0.27785545,  0.44473566, -0.62978697,
       -0.67406547, -0.40655145,  0.21648754,  0.6406488 , -0.42162802,
       -0.13594587, -0.08124506, -0.4819477 ,  0.74860042, -1.        ,
        0.84940549,  0.69514866,  0.18666537, -0.44001373,  0.42855491,
       -0.46010373, -0.0086418 ,  0.35041435,  0.16181878,  0.27075476,
        0.36486549, -0.05963526, -0.08729915, -0.22914988, -0.04997864,
       -0.57596801, -1.        ,  0.0315456 ,  0.48691993, -0.20142536,
       -0.17908744,  0.57443922,  0.19805893,  0.65723446, -0.82439228,
       -0.02671016, -0.75384135,  0.1287448 , -0.23731111,  0.81955128,
        0.42109809, -0.18076557,  0.23822516, -0.61344771,  0.06314928,
        0.72473542, -0.18742448, -0.86293437,  0.82025809,  0.39198347,
        1.        , -0.34255122,  0.8176354 , -0.34967226,  0.17169726,
        0.45689365,  0.7352901 , -0.47384493, -0.51232275, -0.52442058,
       -0.70865215,  0.20162116,  0.20196126,  0.12893809, -0.18295717,
        0.1358776 ,  0.05007674,  1.        , -0.80240203, -0.84019283])}