LOG:
{'NPOP': 25, 'GENS': 50, 'MUTA start': 0.3, 'Cross MODE': 'parts', 'Select Mode': 'prop', 'Mutate Mode': 'random', 'Lucky survivors': True, 'MUTA step': 0.006, 'Number of Childs': 1, 'time': datetime.date(2019, 10, 2), 'total_time': 944.693277835846}
Results: 
{'Best Score': (-6.19644412779452, 90.6706543710456), 'Scores': array([90.67065437, 86.47504998, 86.47504998, 86.47504998, 86.47504998,
       86.47504998, 86.47504998, 86.47504998, 75.1769541 , 75.17399989,
       66.3232462 , 66.1769541 , 66.1769541 , 66.1769541 , 66.1769541 ,
       66.17399989, 66.17399989, 66.17399989, 66.17399989, 66.17399989,
       66.04935745, 66.03642066, 66.03642066, 66.01606372, 65.96212908,
       65.56384963, 57.27968822, 57.24425779, 57.03642066, 56.92695547,
       48.51936108, 48.16518926, 40.42528902, 31.21250826, 30.4825471 ,
       12.62010265, 12.2348089 ,  2.98384284,  2.77742373, -2.7080502 ,
       -2.7080502 , -3.25809654, -5.3082677 , -5.50533154, -5.74300319,
       -5.77765232, -5.77765232, -6.06378521, -6.19644413]), 'Avg Scores': [25.527794619444894, 41.513506302505654, 39.62306027132819, 45.24306169796309, 41.38532322700672, 41.29029087420893, 44.27978388424694, 46.60621515192947, 45.25702433410777, 44.2449219912486, 43.1441550218354, 44.5967816833909, 46.41990714307728, 50.14080604074904, 32.7097372797634, 43.54379197555546, 41.18787222101309, 37.74547509704232, 38.419489826762245, 48.830125012899956, 41.51169761222944, 42.794332619844596, 43.92862018613541, 48.640848570115466, 44.88001377461532, 52.06274484865588, 43.476493167741445, 44.831108453388126, 46.85046634550439, 43.79294758968427, 57.75418134986361, 44.20490637504705, 48.84581396746779, 49.29688034336369, 44.78976309013185, 45.90647881449008, 44.981929905646034, 44.75691800386191, 40.59905987133086, 37.74383961812048, 42.42750016028974, 42.197472073028706, 39.36716474203749, 44.452755213279104, 44.278129324193195, 46.90721691238953, 45.40445528307985, 50.100302533729305, 54.078632622012435, 47.19947598247851], 'Best Scores': [(-5.831882477283517, 66.6769900208616), (-5.777652323222656, 87.10742736117439), (-6.003887067106539, 87.10742736117439), (-6.472346294500901, 75.46266573298146), (-6.0844994130751715, 75.46266573298146), (-5.777652323222656, 75.46266573298146), (-5.777652323222656, 75.46266573298146), (-5.963579343618446, 75.1335319430667), (-6.870053411798126, 75.1335319430667), (-5.823045895483019, 75.1335319430667), (-6.082218910376446, 75.1335319430667), (-6.111467339502679, 75.1335319430667), (-5.82600010738045, 74.93854308107198), (-6.035481432524756, 75.28957298262513), (-6.331501849893691, 74.93854308107198), (-6.1779441140506, 74.93854308107198), (-5.777652323222656, 74.93854308107198), (-6.22455842927536, 88.90410787451701), (-6.234410725718371, 88.90410787451701), (-5.771441123130016, 88.90410787451701), (-5.777652323222656, 88.90410787451701), (-6.192362489474872, 88.90410787451701), (-5.75890177387728, 75.47454706086822), (-5.777652323222656, 85.69897665065051), (-6.095824562432225, 85.32667673282853), (-5.777652323222656, 85.32667673282853), (-6.240275845170769, 85.32667673282853), (-5.82600010738045, 85.32667673282853), (-5.973809611869261, 85.32667673282853), (-6.040254711277414, 85.32667673282853), (-5.75890177387728, 89.67794861721985), (-6.061456918928017, 85.32667673282853), (-5.783825182329737, 85.4535612249423), (-6.077642243349034, 85.32667673282853), (-5.963579343618446, 85.32667673282853), (-5.82600010738045, 85.32667673282853), (-6.142037405587356, 85.33703951986408), (-6.030685260261263, 85.32667673282853), (-5.777652323222656, 75.63870783429057), (-6.161207321695077, 75.63870783429057), (-6.2422232654551655, 75.63870783429057), (-5.777652323222656, 86.47504998251861), (-5.961005339623274, 86.47504998251861), (-5.786897381366708, 86.47504998251861), (-5.963579343618446, 86.47504998251861), (-5.82600010738045, 90.6706543710456), (-5.777652323222656, 90.6706543710456), (-5.817111159963204, 90.6706543710456), (-6.0330862217988015, 90.6706543710456), (-6.19644412779452, 90.6706543710456)], 'sollution': array([ 0.71636256, -0.03908108,  1.        ,  1.        ,  1.        ,
       -0.27680473, -0.55182081, -0.38913362, -1.        , -0.49584989,
       -0.29203096,  1.        ,  1.        , -0.19987227, -0.33173706,
       -1.        ,  0.53914404, -0.52492293, -0.87308861,  0.4109842 ,
       -0.05738704,  1.        ,  1.        ,  0.58160822, -0.74233215,
       -0.95828879,  0.43688851, -0.09002362, -0.47343518,  0.77158707,
        1.        ,  0.32740092, -0.46410067,  0.64353341,  1.        ,
        0.12837691,  0.48278454,  0.87159625, -0.30609338,  0.52358544,
        0.1837386 , -1.        ,  0.67319876,  0.14001202,  0.33697304,
       -0.44920137, -0.7479295 , -0.91874917, -0.20449428,  0.68733464,
       -0.61688998,  0.57204313, -1.        , -0.25174292, -0.31254863,
       -1.        ,  0.19775672,  0.57464247, -1.        ,  1.        ,
       -0.81700141,  0.42213836,  0.07490149,  1.        , -0.27534869,
       -0.30734721, -1.        ,  0.23186719, -0.15840366,  0.2769632 ,
       -0.62296031, -1.        , -0.89813585,  1.        , -0.36959531,
       -0.68973158,  1.        , -0.56809924,  1.        ,  0.91210808,
        0.43158567,  1.        ,  1.        ,  0.86924157,  0.40884039,
        0.43642511, -0.87613481,  1.        , -1.        , -0.78959955,
       -1.        , -0.37768235, -0.94464659,  1.        , -0.21657259,
        0.28322125, -0.27943455,  1.        ,  0.46602477,  0.41209189,
        0.64497079, -1.        , -0.40692141, -0.8324205 ,  1.        ,
       -0.54264419, -1.        ,  0.22512003, -0.06330261, -0.94449762,
       -0.36883365, -0.42651966,  0.96940015,  0.16156775, -0.3153402 ,
       -0.59912784,  1.        , -0.22921939,  0.08888625, -1.        ,
        0.47668975,  1.        ,  0.44147917, -0.88449476,  0.53299596,
        0.26168983,  1.        , -0.28752282, -0.72669201, -0.3168153 ,
        1.        ,  0.37566812,  1.        , -0.08889791, -0.07551785,
       -0.57814336, -0.70776039,  0.18710313, -0.92108191,  1.        ,
       -0.67783309,  0.3202406 , -1.        , -1.        , -0.32000872,
        0.09984688, -0.8546457 ,  0.41114753,  0.80692961, -0.57450215,
        0.09155592, -0.2701259 ,  0.96857532,  0.26212586, -0.64412108,
        1.        , -0.32748686,  0.82056355,  0.27135598, -1.        ,
       -0.38175892, -1.        , -0.35881002,  0.45454709, -1.        ,
       -0.2718276 ,  0.16011188,  0.78482557,  1.        , -0.07647733,
        0.58358972, -1.        , -0.51479047, -0.1516598 ,  0.5953728 ,
        0.05539622,  0.26478664, -0.39182243, -1.        , -0.92912157,
        0.93317111, -0.05940491,  0.45145693,  0.05416679,  1.        ,
        0.95129575,  0.20637828,  0.17594062,  0.50362271,  1.        ,
       -0.24005719, -0.10023178, -1.        ,  0.39723918,  0.79994567,
       -1.        ,  0.65928946, -1.        , -1.        ,  0.05007401,
       -0.4857265 ,  1.        ,  0.5385297 , -1.        ,  1.        ,
        0.18007252,  0.68678433,  0.9128601 ,  1.        , -1.        ,
       -1.        , -0.52749493, -1.        ,  1.        , -0.16442659,
       -0.30057125,  0.50687824,  0.64168621, -0.92463098,  1.        ,
       -0.8114583 ,  1.        ,  0.82353558,  1.        ,  0.61116587,
       -0.92899346, -1.        , -0.62391079,  0.76465711, -0.03614551,
        0.25998597, -0.00354048, -0.82291433,  0.46039195, -1.        ,
       -0.31295456,  0.8622767 ,  0.4383649 ,  0.73120873, -1.        ,
       -0.34440682,  0.91373535,  0.00510068,  0.16534215,  0.51634656,
        0.64317545,  0.36018721,  0.06406313, -0.63734462, -1.        ,
        1.        , -0.81322274, -0.32782974, -0.47142582,  1.        ,
        0.65391091,  0.68410793,  0.40863201,  1.        , -0.43755723,
        1.        , -0.18256791, -0.00537737, -1.        ,  0.49661968])}