0.93861948
-0.12058548
0.01278462
0.4350557
-0.08610582
0.00242129
-1.0
1.00
-0.02710945
0.08344979
0.59098987
-1.00
0.41480237
0.59028293
-1.0
0.13525592
-0.13954624
0.41351635
-0.24477086
-0.10402058
0.01771005
-0.07967618
0.00644796
0.57374499
0.51014556
0.32426892
0.19658639
0.15388053
-0.42109037
0.07696806
0.70117827
0.35858703
-1.0
-0.21970813
-0.47207504
1.0
0.38266834
0.08581326
0.94401944
-0.15295356
0.19358411
0.47530629
0.81056947
0.59362449
0.83560955
1.0
-0.30317543
0.45852179
-0.22052159
0.42602441
-0.17731844
-0.06423008
-0.35560093
0.63775099
-0.23607115
0.88273423
-0.0231977
0.69484935
-0.95876623
1.0
0.11145772
-0.37697496
1.0
0.03429905
-0.01182864
-0.3223931
1.0
-0.52697765
-0.12480083
-0.69400453
-0.94490934
-0.1934906
0.9223171
-0.00423638
-0.9189098
-0.58610558
0.70034186
0.94974553
0.76582418
0.22938147
-0.15495145
0.03395139
-0.66815887
0.47228225
-0.92916229
1.0
0.23315281
-1.0
1.0
0.1784641
-0.02194548
0.90412336
0.33022606
-0.31284148
0.51313277
0.02015196
-1.0
0.1997861
0.01887419
0.80722155
0.52971257
0.06571093
-0.643737
-0.56541125
1.0
0.0320215
0.49162451
1.0
-1.0
0.17872523
0.24888892
0.03713441
0.3137986
-0.1274863
-0.7870542
-0.483807
-0.58783727
-0.81629525
-0.82506727
-0.89962556
-0.73201547
0.0802718
-0.53929449
-0.08536815
-1.0
-0.37345316
-0.9178075
-1.0
-0.21270185
-0.01610075
-0.13547373
1.0
-0.65235899
-1.0
-0.15850883
-0.20648652
0.28018567
1.0
-0.925528
0.27126418
0.72213471
-0.4139409
-0.44359937
1.0
-1.0
0.53154051
0.175448
1.0
-0.9046617
1.0
-0.73040457
-0.50610141
-0.83790766
0.11629937
0.82240154
-1.0
-0.03495425
1.0
0.00619845
0.08614552
-0.51132242
-0.83512001
1.0
-0.90900154
0.93178211
-1.0
-0.04327552
0.96028233
-1.0
1.0
1.0
-0.73624571
-0.21493
1.0
0.63209717
-0.39885207
-0.34947176
0.22526898
0.66188507
-0.62309219
0.09123225
-0.07989642
0.22422236
-0.34053527
-0.50974534
0.39737846
-1.0
0.01770538
-1.0
0.84739657
-0.05197967
-0.43680733
0.12245316
-0.84029775
0.48284044
-0.81286674
0.00182048
-0.65171156
-0.34031214
-0.58829407
0.83958198
-1.0
-1.0
1.0
-1.0
-0.05174899
1.0
-1.0
-0.76188948
0.63922296
-1.0
-0.94646717
-0.04221264
-0.06550312
0.44133499
0.17512419
-0.96472479
-0.57353286
0.93697517
0.06769611
0.77169874
1.0
0.20311473
-1.0
-0.88815303
-0.03742239
0.28379655
0.1753924
0.32165821
-1.0
-1.0
-1.0
1.0
1.0
0.42440241
-0.376762
0.53476168
1.0
-1.0
-1.0
-0.5535449
0.11922785
-1.0
0.70998264
-0.45911906
-0.46202375
1.0
-0.9489351
0.34254196
0.80154882
0.41557295
-0.55939711
0.59352817
1.0
-1.0
-1.0
-1.0
-0.93274569
-0.4367243
1.0
-1.0
-0.49130714
0.62664071
-1.0
0.62769909