0.67686413
-1.0
1.0
0.42963518
0.17921921
0.01621555
1.0
-0.50789643
0.17019255
-0.48043942
-0.58745089
0.03784494
-1.0
1.0
1.0
0.9732193
0.4152708
0.18826007
1.0
-0.96167268
0.83709852
-1.0
0.01047988
1.0
-0.880533
-1.0
-1.0
-0.40629336
0.54320236
0.83268097
-1.0
-0.14189919
0.51040682
0.09492181
-0.03085433
-1.0
-0.28882191
1.0
-0.81988485
0.35755387
-0.08443307
-0.00500591
0.79412261
0.37014396
-1.0
0.28540312
0.87067754
-1.0
-0.90992098
-1.0
-1.0
0.34833601
-1.0
0.65179933
1.0
1.0
-1.0
-1.0
1.0
0.08831885
-1.0
1.0
0.81811912
1.0
-1.0
1.0
-0.11262594
0.06239355
1.0
-0.76198452
0.09953714
-0.75290129
1.0
1.0
0.36164178
0.50428134
-0.2923612
0.25265295
0.42196693
-1.0
0.44924136
0.23267302
-0.40350032
-1.0
0.52226094
-0.70498994
-0.7553471
-0.72137521
-0.46968411
1.0
0.84987593
1.0
0.37742231
-0.25235026
-0.60557475
-0.71131694
-0.87657999
0.70879183
-0.4116478
-0.17170822
-0.85311343
1.0
-0.48580339
0.38794892
0.48330079
-1.0
-0.64701359
0.81509763
0.58585376
1.0
1.0
0.46722741
-1.0
-0.30813439
0.21115298
0.33201755
-0.12033353
0.81773796
0.91813175
1.0
-1.0
-0.16995603
-0.435956
-0.64484895
-0.17654834
0.2417451
-0.31556228
-0.33090776
1.0
-0.62816554
1.0
-1.0
-0.37832331
-1.0
-1.0
0.2546718
0.01102113
1.0
-0.47573749
0.02061193
-0.55190882
-0.13563907
-0.84698626
-0.15303143
-1.0
-1.0
0.42904589
0.26236898
1.0
1.0
1.0
0.09972495
-0.68878099
-0.15845706
-0.12945923
1.0
0.9335395
-0.33867996
-0.52058202
-0.49217112
1.0
1.0
0.78716014
-0.48718203
-1.0
-1.0
0.28359247
0.83551972
0.62630055
0.73763802
-0.42926976
1.0
0.06953265
-1.0
0.02854444
0.59360522
0.69802402
-0.75822496
-0.54206853
-0.21097826
0.1870969
0.64438766
1.0
1.0
0.66535459
1.0
0.42968728
1.0
-0.13637959
1.0
-0.00558437
-1.0
0.22965914
0.25848861
-0.30690274
0.19863562
-0.39434002
-1.0
0.31622854
0.20410259
-0.94487953
0.015002
-0.90805492
1.0
0.2085307
1.0
0.49908394
0.30293508
1.0
-0.11183294
-0.87760911
0.07254345
0.29068901
1.0
-0.02886066
-1.0
0.06941075
-0.03271574
0.4355239
-0.960149
-1.0
0.23130902
-1.0
0.7314937
0.18300524
0.33404144
-1.0
-0.16274743
1.0
-1.0
0.67370012
-1.0
0.5801987
-0.27585548
0.03440554
0.19108547
0.64603556
-0.21250339
-1.0
0.32113951
-0.04299652
0.778555
0.46352874
0.38671893
-1.0
1.0
0.73412182
-1.0
-0.42493305
-0.05226299
-1.0
0.28418652
0.00465567
-0.75612531
0.96691795
-0.78561182
-0.06652436
1.0
0.90340041
0.26831454
-1.0
-1.0
0.55031387
-0.71315583
0.580801