best: 28.16517012765904
 
 
[ 0.0609256   0.59231314 -0.21355858 -0.18530843 -0.19650385 -0.07273426
 -0.39051002 -0.33406639  0.77720001  0.76364571  0.38901258  0.23602534
  0.34370838 -0.12357672  0.04485634 -0.19574401  0.21591223  0.19610596
  0.1350519   0.10559989 -0.03139443  0.12747601  0.09353931  0.65259834
  0.24599477  0.79542562  0.02127069 -0.27631497  0.10671766 -0.53070559
 -0.12918455  0.29830878  0.06460288  0.42853926 -0.1477708   0.40313686
 -0.71354129 -0.65473656  0.28876111 -0.27714085  0.19505417  0.53526179
  0.0445485  -0.51824113 -0.309893   -0.01928665  0.19437485 -0.21115081
 -0.05432403 -0.2374685   0.16310631 -0.09782092 -0.13494886 -0.52829406
 -0.04541605 -0.22026201 -0.20365479 -0.37635584 -0.05240338  0.1260154
 -0.53595083  0.15174087  0.62622105 -0.00921656  0.27502328  0.34458856
  0.1193078   0.3940387  -0.20838287  0.37494525 -0.40438785 -0.15796438
  0.0424622   0.04197431  0.61120109 -0.28666573  0.091625    0.7019512
  0.36433457  0.67922099  0.19387867  0.1460483  -0.22286362  0.02219355
 -0.12383248  0.56211681  0.45510891 -0.18284774 -0.30768606  0.16706019
 -0.14508662  0.30036705  0.25106963  0.32655619 -0.24399288  0.09325988
  0.03029447 -0.63313858 -0.02632299  0.01900519  0.45853025 -0.65055532
  0.12735381  0.61019854  0.14614674 -0.1868125   0.12490111  0.48725356
  0.31819021 -0.14886372 -0.17537928 -0.04629552 -0.0522056   0.05941416
  0.80923383  0.41994215  0.43947446  0.07626433 -0.31872343 -0.1759206
 -0.07358125 -0.62391897 -0.27150325  0.24762382 -0.60146248  0.07489005
  0.36270524 -0.50903638 -0.54258791  0.01955312 -0.16904518  0.24484802
 -0.29566532  0.21611424 -0.09826158 -0.05860397  0.01476446 -0.05774358
  0.61178252  0.50912341  0.1053058   0.02776019  0.46524935 -0.75478079
 -0.23153176  0.09391742  0.14164142 -0.54172877 -0.01278024 -0.07722157
 -0.25742421 -0.52970189  0.27630293  0.15715888 -0.69166964 -0.10530271
 -0.35594807  0.28197615  0.77146221  0.55996937 -0.08238595  0.655962
 -0.00259464  0.55128057  0.53386753  0.06260327  0.03913053 -0.21095894
 -0.35051541 -0.47059292 -0.38611483  0.07304951  0.64822735 -0.83302388
 -0.40373283 -0.38756673 -0.76090119 -0.72195245  0.27080766 -0.13409915
  0.03199191 -0.50213877 -0.28296722  0.11307314 -0.35864137  0.15658485
 -0.06506014 -0.46461439 -0.4182958   0.30806613 -0.20883596  0.12639455
  0.22275742  0.41314637  0.26139866 -0.32135583 -0.49748603 -0.15615126
  0.38117026 -0.11207462 -0.04891593 -0.07126251  0.05208808  0.03531688
 -0.62673881  0.30663728 -0.13711538 -0.16735248  0.1389222   0.41900819
 -0.11669803  0.05131038 -0.39579578 -0.11265353  0.42196118 -0.22252192
 -0.03225142  0.2157212  -0.39326994  0.5012024  -0.25641259 -0.02912488
  0.04654863  0.59922111 -0.01978544 -0.04714716  0.26176229  0.27015224
  0.87140491 -0.03279902  0.09203474  0.02366029 -0.26582584 -0.76341396
  0.42410347  0.19331565  0.13306393  0.43851557  0.47868071 -0.12552801
  0.07776629  0.0059866   0.634261   -0.22751629 -0.06837844  0.29141485
  0.25601813  0.42419379 -0.1280438   0.23288422 -0.05336244 -0.30796768
  0.82854941  0.57156053 -0.32581829 -0.53865958 -0.47627731  0.20345124
  0.59784759  0.01789028 -0.43753073 -0.34789413  0.06270915 -0.36001439
 -0.56516085]