best: 55.36371324868667
 
 
[ 1.25530148e-01  4.10050846e-03 -4.52235288e-02  9.39492403e-02
  1.50813709e-01  6.14773977e-01 -9.95439216e-02  4.72332866e-02
  2.13853173e-01 -5.50314122e-01  5.16002768e-01  4.56076168e-02
 -7.51959686e-01 -2.25529294e-01  3.16406320e-01  6.26285464e-01
  8.47115699e-01  1.17993854e-01 -1.93252347e-01  4.64954550e-01
  1.56030485e-03 -4.11997264e-01 -9.42565130e-02  1.86490621e-01
 -8.41481129e-01  1.37677620e-01 -7.51120781e-01  2.30481043e-02
  1.11380440e-01 -1.76832517e-01  3.20606248e-01 -3.87211486e-01
  8.01781043e-01 -5.29383279e-01  6.94833807e-01  1.54355367e-01
  3.67656038e-01  1.90375121e-01  6.14395861e-01  4.39541389e-01
  8.61626639e-02 -1.05148188e-01 -8.60072873e-02 -8.76751078e-02
  6.29775236e-01 -1.36287555e-01  8.56024623e-01 -5.38947685e-01
  5.76478980e-01  1.08432263e-01  1.95543380e-01  8.05115324e-01
 -5.46545782e-01  1.26175676e-01  9.51267657e-02  1.67962665e-01
 -4.69411736e-01  6.84028597e-02  1.67421748e-01  7.90878249e-01
 -4.75970528e-02  1.19838490e-01  2.53224122e-01 -4.27206806e-01
  8.02660107e-01 -2.58015281e-01 -7.19521310e-02 -5.69440453e-02
 -2.16028005e-01  3.63313018e-01  5.19853863e-01  6.84120311e-01
 -1.15719980e-01  6.22198811e-01  1.22857696e-01 -3.90042906e-03
 -1.80070167e-01 -5.68044824e-01 -5.71138508e-01 -6.74946692e-01
  6.91105503e-01 -7.78138893e-01 -6.36393540e-01  6.81147103e-01
  5.72588073e-01 -1.59091225e-01 -2.17317995e-01 -3.32055989e-02
 -8.92550330e-02  1.07788275e-01 -3.03170832e-01  9.10717715e-02
  5.05889152e-01  3.30636347e-01 -1.06241907e-01 -5.08051542e-01
  1.01376399e-01 -3.84947545e-02 -1.18576873e-01 -4.05605840e-01
  4.78175556e-01 -1.93313610e-01  1.63968388e-01  3.31102202e-02
 -2.28061795e-01  2.90865124e-01 -5.21271016e-02  1.38663443e-01
 -5.30406446e-01  6.13500617e-02  6.36498762e-01 -3.61543003e-01
 -2.61016796e-02  3.53134425e-01 -7.56957207e-02  7.28643336e-01
  8.79962814e-01 -5.65143689e-01  1.19974555e-01  7.42967124e-01
 -7.76461030e-01 -5.86019534e-01  5.39953716e-01 -9.44977243e-01
 -2.00685161e-01 -1.51065536e-01 -2.43194801e-01 -4.61644817e-01
 -1.18282901e-01 -1.07463758e-02 -2.75936127e-01 -4.50305859e-02
  5.50014101e-01  8.61483378e-02  2.15616881e-01 -3.86488630e-03
  5.77324047e-01 -9.25985347e-02 -7.57448793e-01  6.72250371e-03
  2.59744769e-01 -3.07670936e-02 -3.53056541e-01 -2.24727871e-01
 -2.75190156e-01 -3.03228637e-02 -2.46076930e-02 -1.24313904e-01
  5.26008722e-01  5.67719761e-01  1.19171335e-01 -2.87806877e-01
 -7.30546444e-01 -5.61781239e-01  9.54490257e-01  7.93768837e-01
  3.17133810e-01 -3.50149248e-03  8.44956559e-03 -1.03676554e-01
  2.80619950e-01  7.44821874e-01 -5.91155470e-01  7.05245755e-01
  2.75107631e-01  8.66076458e-01  8.97808468e-01  1.01583417e-01
  8.74188788e-02 -9.47275279e-01  5.88283860e-01 -1.34720260e-01
 -4.61969759e-01  2.95424275e-01  7.61362354e-01  5.33286909e-01
  5.78128583e-01 -3.83864301e-01 -7.05335796e-01 -6.07765649e-01
 -1.86625865e-01  7.42635617e-02 -8.76346455e-01 -6.01868943e-02
  5.36163644e-01 -7.90702856e-02  4.33222469e-01  2.75364545e-01
 -4.48582862e-01  5.94229860e-01  4.47710366e-01 -1.86728696e-02
 -4.62160064e-01 -1.91055739e-01 -6.38229219e-01  1.27974821e-01
  2.02849100e-01  6.86529574e-02 -1.84902610e-01  3.42563968e-01
  3.31228293e-01 -4.15531651e-01  6.55183810e-03  3.29045847e-01
 -8.01853566e-02 -8.26689662e-04  3.10811355e-01 -8.79214566e-02
 -4.18651489e-01  3.72918545e-01  8.28980798e-01  6.68712686e-01
  3.56526426e-01 -1.00646737e-01 -6.08172677e-01 -2.09865810e-02
 -4.63592984e-02  1.52682875e-01  1.15057982e-01 -3.90988020e-01
  3.66365000e-01  1.95956896e-01 -2.85782724e-01  9.59815571e-02
  3.94272212e-01 -4.81935330e-01 -8.94105697e-01 -4.79941429e-01
  3.49198609e-01 -7.38687579e-01 -6.06194414e-01  6.16968780e-02
  4.08510414e-01  5.62340476e-01  3.84500636e-01 -8.62590318e-02
 -3.49657097e-01  8.30667191e-01  6.72947260e-01 -2.15010644e-01
 -2.85802302e-01  1.60379780e-01 -1.44734847e-02  3.47001859e-01
 -2.42399136e-01 -2.76188713e-01  5.75375584e-01  7.71210514e-01
 -7.41791020e-01 -8.22398152e-01 -4.08238612e-02  6.38420493e-01
 -5.38276318e-01  2.04018914e-01  5.51499688e-02 -4.84116665e-02
  1.87821767e-02 -5.25757167e-01 -2.63987478e-01  7.66938973e-01
  5.85302449e-02 -1.48541758e-01  6.06427114e-01 -2.12042447e-01
 -1.51962105e-02]