best: 70.99764199660306
 
 
[-0.00620929  0.20073628 -0.32748037 -0.22713773 -0.11156236  0.1935907
  0.17003193 -0.07002516 -0.13668601  0.03926036 -0.43684284  0.10818353
  0.17843686  0.20517785  0.23685081  0.17154865  0.30680479  0.08824619
  0.12498012 -0.00109799  0.27135418 -0.18365503 -0.32384164  0.42234247
  0.31545731  0.03701596 -0.40715401 -0.23429004 -0.08560871  0.3550618
 -0.0257362   0.41434398 -0.0236734   0.67677401 -0.23308458 -0.00428419
  0.05096422  0.05356433  0.06148041 -0.40929158  0.47125032  0.3487773
 -0.33268752  0.28415922  0.13438176 -0.07987396 -0.01790949 -0.14737064
  0.07250751 -0.23321248  0.17456844  0.23561803 -0.43986291 -0.16568712
  0.04176767 -0.23251107  0.05509814  0.20012849 -0.24087498  0.36865023
  0.07061054 -0.37865694  0.33319623  0.20812656 -0.1817326   0.14876482
  0.10680502 -0.1401967  -0.28076342  0.12143956  0.08235749 -0.25171819
  0.12345079  0.29643818  0.03822555 -0.0450534  -0.19934719 -0.36287768
 -0.11447222 -0.51411283  0.02377325  0.4411589   0.30445269 -0.20711113
  0.3183395  -0.27387473 -0.19969941 -0.39166737 -0.14981115  0.29148871
  0.16157234  0.02976938 -0.07559481  0.14964959  0.20808747 -0.20240512
  0.11717426 -0.13118305  0.14044443 -0.27522489 -0.33699478  0.15419081
  0.13440356  0.12286037 -0.31709872 -0.17382736 -0.23705711 -0.45551281
  0.22902589  0.23872677 -0.47738225  0.06806268  0.40521921 -0.49736306
 -0.1406905   0.13886721  0.25360227 -0.15851732 -0.23951483 -0.40722174
 -0.44578013  0.38434548  0.29884352  0.57537124 -0.30947138  0.10649918
  0.32810286  0.36165607 -0.01361332 -0.36632987 -0.11494308  0.33908854
 -0.34847457 -0.10650874  0.23344313 -0.36909358  0.024133    0.01161609
  0.09672271 -0.16683393  0.33448195  0.25845557 -0.05501943  0.29714723
  0.30596985  0.14909795  0.46606605  0.01029295 -0.14923677 -0.28672183
  0.1096095  -0.23744416  0.04136398  0.11076419 -0.16949058 -0.20989026
  0.24359522 -0.33242919  0.50968742  0.00713093  0.05075366  0.59252453
 -0.26935969  0.09003865  0.23338782  0.56110378 -0.42785998  0.46508303
  0.05900196  0.25161915  0.23108967  0.30851026 -0.08121583 -0.12797771
  0.60267315  0.39640287  0.31368663  0.19327581 -0.05670796  0.03303067
  0.19017101 -0.04278033 -0.31755998  0.43812393  0.58824783  0.14626501
 -0.31889999 -0.29860671 -0.46123959 -0.08017994  0.14054892 -0.14637244
  0.03509608  0.0627224  -0.39911157 -0.30261062 -0.1177398  -0.22003052
  0.42201824 -0.22543697 -0.24771194  0.04581403  0.55249566 -0.29879253
 -0.24886215 -0.2244755   0.26776666  0.30453252  0.34206748  0.41381958
 -0.05903787 -0.01119941  0.35269981  0.45387835  0.19287266 -0.01174319
  0.13273206  0.38633641  0.16040024 -0.50401473 -0.34014108 -0.24462866
  0.53148821  0.35069665  0.30776519 -0.0410904   0.43331551  0.18965012
  0.33039557  0.4732292   0.26699766 -0.19410466 -0.05762005  0.18658288
 -0.21952176 -0.2870242   0.09611959  0.31606123 -0.29714055 -0.24602249
 -0.2605182  -0.23636845  0.11667533 -0.19919633 -0.12010996 -0.03130697
  0.14776807 -0.32158653 -0.4232027   0.30230501  0.19525566 -0.40150266
  0.55684267  0.36656075  0.32823384 -0.11327706  0.2349413   0.14937195
  0.04525619  0.23648379 -0.10149107  0.13056474  0.29984798  0.46097268
  0.34771577]