best: 28.252101630960098
 
 
[ 0.10076148  0.03335796 -0.0682671   0.56182858 -0.18050734  0.01028663
  0.14000218  0.17923432 -0.25583139 -0.14109054  0.15687285  0.40822314
  0.43057541  0.97557491  0.18151923 -0.42566363  0.00650602 -0.33599384
  0.22850389 -0.34395836 -0.31768797 -0.30805372  0.05672411 -0.50168534
  0.5453852  -0.35639051  0.0203141  -0.24300784 -0.52424469  0.27028675
 -0.21163048  0.02588987 -0.50196355 -0.20515557  0.17740052 -0.32990111
  0.01668486 -0.50425004  0.34298902  0.85613789 -0.27705947  0.45571534
 -0.33396827 -0.49807082  0.02495561  0.13751795 -0.42008069 -0.04960652
  0.43466785 -0.22968021 -0.1489742   0.11849883  0.14137951  0.16109788
 -0.19114523  0.58913539 -0.15230735 -0.18654691  0.65681847  0.17610648
  0.02557008  0.39270188  0.01632202  0.06277611 -0.41229428 -0.40878684
 -0.3243198   0.81436503  0.16154707  0.49043038  0.12441944  0.31118011
 -0.1410891  -0.37303374  0.42076016 -0.6944558   0.2589479   0.56932582
  0.4132248  -0.04245537  0.02171456  0.29559773 -0.31440907 -0.11133806
  0.22248274 -0.20510394  0.2798473   0.72395296 -0.08419986  0.03855336
  0.21294049 -1.          0.32136577 -0.09286281 -0.19503848  0.47220107
  0.51718521  0.27032193 -0.12957974 -0.07392634  0.28136937  0.53672033
  0.64455102  0.20547791 -0.2090817  -0.48961091  0.49687318  0.18298403
  0.4485563   0.01648373 -0.0320429  -0.40961566  0.15905669  0.35297783
  0.05584751  0.01620579  0.32599682  0.19955522  0.01505734 -0.61825439
  0.55109288 -0.21588183 -0.32082748  0.05217044 -0.09575109  0.34914552
  0.17884379 -0.26245981  0.28167496  0.20747524  0.68585563  0.16357117
 -0.04281352 -0.29391288 -0.23235749 -0.12937157 -0.5958251   0.23423819
 -0.13731117  0.27395836 -0.10692135  0.14215094 -0.26476251 -0.04641624
 -0.28023885 -0.27985868 -0.18679817 -0.55949201  0.42275591 -0.07893913
 -0.53827706 -0.54915859  0.18627101  0.10546036 -0.0411155  -0.87411748
 -0.37384269 -0.15789355  0.91626658 -0.77607822  0.11464117  0.26814697
  0.0872457   0.10182499 -0.60286558 -0.31403254 -0.02710436 -0.19489108
  0.34558024 -0.2900035  -0.15388339  0.0270644  -0.088173    0.24669999
 -0.54044058  0.41256615 -0.85687742  0.14769013 -0.43085766  0.14558925
 -0.36896925  0.08454018 -0.44473316  0.45213565 -0.02658511  0.61482185
  0.66345527 -0.34093373  0.03512599  0.56014488 -0.39547508 -0.17432242
  0.34558689 -0.37128926  0.12057939  0.05501028 -0.02408081  0.33681567
 -0.25928961 -0.41190874  0.0042187   0.2581728   0.35372719 -0.35954765
 -0.44493455  0.35477119  0.50113117  0.23539114 -0.29928908 -0.2005793
 -0.51393122 -0.04949944  0.24350259 -0.06465347 -0.14911258  0.02477168
 -0.04314548 -0.23614095  0.01444334 -0.04259982 -0.22237323 -0.12694507
 -0.33023567  0.61051215 -0.20214043  0.26380774 -0.1373564   0.74933612
 -0.062357   -0.28656186  0.23000502  0.01749175  0.42842828  0.47757633
 -0.17619475 -0.13359616  0.13633477 -0.4551441  -0.26583948  0.40442011
 -0.47177117  0.05167376 -0.00517943 -0.36398845 -0.5018646  -0.2346871
 -0.59350646 -0.23368111 -0.35111561  0.30802083 -0.18098686 -0.35568173
  0.42854508 -0.16760112 -0.16054267 -0.09208359  0.01460257 -0.01354525
  0.63288605  0.77341139  0.07473343 -0.25507857 -0.57199315 -0.37646288
 -0.01516686]