best: 28.215001414087332
 
 
[ 0.4559001   0.7062852  -0.13206778  0.04048282  0.34966729  0.27554638
  0.29302819  0.52582484  0.70544063 -0.45099644 -0.71389349 -0.13564511
  0.0573019   0.21008174  0.356901    0.30322084 -0.06038575  0.2449472
 -0.1133486   0.24082961  0.13676752 -0.40316914  0.03368902 -0.26829701
 -0.42071333 -0.10005535 -0.85728723 -0.22682152 -0.0483619  -0.09770745
  0.06761309  0.04933372 -0.05580339 -0.40323546 -0.55406436 -0.11729101
 -0.00766224  0.54001152  0.09355064  0.01696086 -0.00679163 -0.23539883
 -0.49324711 -0.25994398 -0.38899877  0.06864294 -0.6761951   0.38961308
  0.59211077 -0.27461464  0.09350543  0.20592994  0.57166669  0.21322429
  0.16622527  0.03104633 -0.59759087  0.00772172  0.6792311   0.04912249
  0.77340822  0.35083987 -0.08799421  0.03463041  0.28451518  0.29153681
 -0.13605723  0.70676227  0.43819678 -0.27651519 -0.79518056  0.28993792
 -0.406057    0.15673141 -0.52281879  0.61164632  0.0943589   0.10837285
  0.20002897 -0.20388067 -0.57129443 -0.26145903  0.62844391 -0.0724197
 -0.2935614   0.14188917  0.05743532 -0.15183865  0.11107044 -0.35385624
  0.29910177  0.57182061 -0.07538739 -0.28698402  0.11530495 -0.45352945
  0.27596824  0.39972231  0.2627582   0.41007999  0.36646334  0.30142113
 -0.30004419  0.62817537  0.79617545 -0.12488414 -0.37191371 -0.45581903
 -0.57566801 -0.61552252 -0.21687113 -0.30557633  0.44754407  0.3156935
  0.16458188  0.03994248  0.00246277  0.54905581  0.74524089  0.35167012
 -0.43377998  0.40055889  0.5379012  -0.19648851  0.18365734 -0.49847934
  0.11224224  0.11500736  0.04979795  0.07144288  0.29121048  0.24257521
 -0.13816722  0.42137233 -0.50721747 -0.15095235 -0.51746487  0.28096713
  0.53821344 -0.20416849 -0.82321564  0.49950989  0.00234233  0.07280703
  0.29342409  0.23606393 -0.4584026   0.00862078  0.08964154  0.22923199
  0.51286547 -0.4102608   0.17052936  0.23424333 -0.46257632 -0.32871408
  0.04090015 -0.29695141 -0.31237409  0.18171551 -0.01388433 -0.44271743
  0.47893732  0.30231047 -0.30530688  0.05042505  0.13730514  0.50721349
 -0.10030369 -0.25944114 -0.5552555  -0.31989631  0.18916515  0.14755941
  0.49423138 -0.0493394   0.71861806  0.14753281  0.28979919  0.33222002
 -0.00219441 -0.41100257  0.83981879 -0.25311565  0.12302754 -0.26527609
  0.14962358 -0.16918719 -0.26680862  0.04527512 -0.4037235  -0.42561141
 -0.42885148  0.57780664  0.10649569  0.20938863 -0.34380315  0.29159689
  0.61864322 -0.41668261  0.05959703  0.30217724  0.25390104  0.44922396
  0.27568073  0.31691344  0.14090435 -0.57553273 -0.21100831 -0.18788038
 -0.41285246 -0.19864237 -0.02442846  0.49625846  0.6521698  -0.54347488
 -0.41959364 -0.18939747  0.16283304  0.30740392 -0.44026526  0.20057506
 -0.34940252 -0.03136987 -0.12696065 -0.31057147 -0.03726498  0.34442017
 -0.34915721 -0.31010704 -0.05445631  0.01318695  0.03921068  0.09896306
  0.01885096 -0.51190123 -0.48840195  0.11022282  0.65813841  0.50197838
 -0.50159632  0.28306274  0.1539318  -0.27626167  0.11584123 -0.19097822
 -0.31253318  0.1797501   0.32886527 -0.11248614 -0.3313922   0.01603927
  0.1979846   0.05759722 -0.41958184 -0.07974026 -0.27266953 -0.26930667
 -0.00689221  0.21727553 -0.59231726 -0.26825672 -0.31102124  0.58486962
  0.2879971 ]