best: 63.889381912698695
 
 
[-0.11958806 -0.8026498   0.06171188  0.80145042 -0.0249615   0.70180787
 -0.38658101  0.60168587  0.66476209 -0.81928826 -0.0064634  -0.85146537
 -0.07037447 -0.81693367 -0.46293638 -0.47710963 -0.00369675 -0.39386177
 -0.31589388 -0.38875344  0.50849767  0.08606104 -0.01752997 -0.70032274
 -0.5358184   0.33925835  0.31036921 -0.08907449  0.64096809 -0.19431204
 -0.19221389 -0.79290705  0.70418228  0.60602954 -0.60250037  0.43234758
 -0.18303507 -0.93310262  0.40214784  0.72986493  0.55444234 -0.78943591
  0.3869711  -0.25349939  0.78931952  0.15880914 -0.67723869  0.11049217
 -0.03926626 -0.75393605  0.52934856 -0.40237296 -0.11323414 -0.16923491
 -0.55505734 -0.25877993 -0.14302465  0.22834402 -0.59608682 -0.65030626
 -0.60888445 -0.35082073  0.64751583 -0.03125741 -0.50874465 -0.40780207
 -0.2485296  -0.35240593 -0.56744136  0.12305405 -0.14663565 -0.74287354
  0.16904476  0.71974853  0.11106557  0.27397475  0.55739525 -0.12793813
 -0.07602682 -0.43428393  0.53498602  0.45231533 -0.42095933  0.11315855
  0.3688855  -0.67780436 -0.33623935 -0.31593421 -0.17069084 -0.69850004
 -0.47651254 -0.30642934 -0.37059244 -0.04884015  0.18738737 -0.47447406
 -0.13346465 -0.54563069 -0.43357753 -0.12426146 -0.38159638 -0.10806584
  0.37941728 -0.28635492  0.25755622 -0.70916255  0.77759202 -0.40610081
  0.32878826  0.50053901 -0.08627199 -0.25194117 -0.60443567 -0.12160807
  0.60647835 -0.01894968  0.02956377  0.12222671 -0.14899996 -0.50095614
  0.32392965 -0.14223814  0.2492008   0.76702075  0.34753593 -0.09584875
  0.13667952  0.36395238 -0.03021372  0.82638358 -0.1768195   0.64535006
 -0.42423666 -0.32087164  0.36061802  0.48824632 -0.48357256 -0.19297215
 -0.24331954  0.50037621 -0.10811064 -0.02725412 -0.17823602  0.63165257
  0.02105696  0.55827398  0.68819294  0.70458421  0.1076225   0.14003052
 -0.31395449 -0.12762115 -0.02856405  0.50654454  0.07053849  0.81933585
  0.06600888  0.69071709 -0.19956364  0.85719443  0.34612167  0.8906245
 -0.75162185  0.7800956  -0.61281212  0.34349344 -0.14614151  0.67364131
 -0.68528211  0.73119009 -0.4922841   0.50887928  0.52922078  0.17709997
  0.5485128  -0.07029943  0.57058785  0.79244038  0.35433005  0.40061456
  0.73777356 -0.34493724  0.1176666   0.71835746 -0.21819498 -0.65093042
  0.28809559  0.36509142 -0.2628097   0.89496435  0.32478188  0.5790355
 -0.00780351  0.19383785  0.26208539 -0.57292435 -0.14954213 -0.09747463
 -0.42800537 -0.14954152 -0.21472713 -0.3662326  -0.16654945 -0.26706533
 -0.29734188  0.74119758  0.56857529  0.07019268 -0.49770513  0.14873854
 -0.36064375 -0.83266186  0.85420335  0.10186796  0.77344486  0.56472441
 -0.34709216 -0.19052284  0.31501171  0.64449869  0.56901121 -0.23352782
  0.40661916 -0.351218    0.71902075  0.24672453  0.22670601  0.62659335
  0.4045842   0.09814029 -0.66846067  0.07913781 -0.15502884 -0.19519552
  0.76390598 -0.4476829  -0.20092717 -0.09144281  0.4989834  -0.69939291
 -0.72547492  0.40518789 -0.86738654 -0.21107683 -0.23128707  0.18919359
  0.68325787 -0.34831235 -0.0126542  -0.83694188 -0.37998456  0.74379615
  0.20265739 -0.0774326   0.75866355 -0.10560641 -0.18726108 -0.27820366
  0.78396666 -0.65232361  0.3632792  -0.40490156  0.77617036 -0.10387324
 -0.17976713]