best: 56.15293535372946
 
 
[-4.57153011e-02 -5.48700418e-02 -1.72167292e-01  2.79282684e-01
  1.69957563e-02 -3.19326326e-01  8.13831425e-02 -4.86378580e-01
 -1.50896228e-01  2.03980528e-01  8.48149805e-02  2.12046999e-01
 -2.31388865e-01  1.20584680e-02  5.62750207e-01 -1.90333110e-01
 -2.69973577e-01  4.26404067e-01  2.27929618e-01  3.39713838e-01
  5.02534215e-01 -7.19638294e-01 -2.95179229e-01  2.47368626e-01
  2.98898610e-01  1.36862594e-01 -1.20591576e-01  4.24648640e-01
 -5.80355676e-01  2.41227038e-02 -1.84680541e-01 -7.37457983e-02
  4.39979698e-02  8.65126402e-02 -3.77026551e-01 -2.47231684e-01
  2.37794886e-02  2.85583526e-01  3.88053984e-01  2.05741717e-01
  5.60891248e-01  3.81825369e-02 -4.72998660e-02 -3.28762310e-01
 -8.40045491e-02 -3.17845394e-02  9.73901558e-02 -2.61066062e-01
  3.70461160e-02  3.28214013e-01 -4.61182803e-01  1.94339051e-01
 -1.96748190e-01  1.31539241e-05 -4.83097496e-01  9.50576530e-02
 -4.32638700e-02  1.36970854e-01 -9.75348810e-03  7.23267893e-02
 -1.34227297e-01  5.44578477e-01 -5.06196820e-01  3.22210130e-02
 -2.57682247e-01  4.48466673e-01 -1.54217779e-01 -6.94190418e-01
 -3.49473907e-01 -1.79913583e-01  8.46647145e-02 -3.06757028e-01
 -1.78903077e-01  3.23381944e-01 -1.27206085e-01  1.38139912e-02
  1.28684499e-01 -2.57808448e-01 -6.87254289e-02 -2.62320302e-01
 -5.56425340e-01 -1.79381395e-01 -1.36710297e-01  2.83740599e-01
 -3.26505178e-01 -5.61708205e-02  2.96837320e-01  9.05290978e-02
  4.22656227e-01  2.25172462e-01 -1.72583778e-01 -5.06973374e-01
 -6.29511204e-03 -3.92574058e-01 -1.73144093e-02 -6.28537707e-01
  7.77033131e-03  1.48826077e-01 -1.47248971e-01  5.43146021e-01
 -4.79229276e-01 -2.70495227e-01 -1.78511479e-01  2.49471647e-01
 -4.32513097e-02  1.64169340e-01  2.12081228e-01  6.28721419e-02
 -5.47099426e-01  2.98056418e-02 -4.23980159e-01 -4.22562913e-01
  9.34812791e-02 -4.05622910e-01  9.40737611e-02  4.33649737e-02
  2.02108062e-02  3.33074786e-02 -4.26530731e-01 -1.86049381e-01
  1.04795698e-01  1.98457660e-02  6.98047576e-02 -1.65146132e-01
 -1.08242706e-01  1.37727465e-01 -8.90588187e-02  4.12281893e-01
 -2.01113935e-02  1.24767662e-01 -9.01734645e-02  4.28952424e-01
 -6.92272568e-02 -1.69876368e-01  1.53835953e-01  4.59546137e-02
 -3.13545746e-01 -1.48455741e-01 -4.03874963e-01 -3.72777337e-01
 -2.48328265e-01  2.09677323e-01  1.10421364e-02 -1.03693156e-01
 -2.02275589e-02  4.37224098e-01 -7.22177382e-02  2.94553406e-01
 -4.53825693e-01 -1.92084008e-01 -3.53561754e-01 -5.40947582e-01
  2.75105498e-01  2.69010526e-01 -2.54561510e-01 -1.16553161e-01
 -4.18354450e-01  2.50073838e-01  2.97873803e-02  1.67683251e-01
  8.19983582e-02 -1.77057698e-01  1.69053612e-01 -3.17411663e-01
  1.52989652e-01 -4.41655455e-01 -3.15079810e-01  1.01121230e-01
 -1.53553538e-01  3.81644646e-01 -8.11910185e-01  5.44889248e-02
  2.85319915e-01 -1.32463706e-01 -1.71413479e-01 -2.61766846e-03
 -2.13037197e-01 -1.00045663e-01 -1.29189520e-01  5.15013862e-01
 -1.17333532e-01  1.66910852e-01 -5.43981245e-01  2.11839785e-01
 -1.80108397e-02 -5.27927509e-02 -1.31949569e-01 -4.51629174e-01
 -3.26950421e-01  2.73504008e-01 -2.05379555e-01  3.68285478e-01
 -1.59069083e-01  4.95973344e-02  7.85322718e-02 -2.50859114e-01
 -4.89782220e-01 -2.41589006e-01 -4.52916719e-01  3.83341597e-01
 -3.98719213e-01 -2.48268479e-01  1.88265351e-01  2.30058246e-01
  6.03442173e-02  1.62066774e-01 -4.59656586e-01 -6.45122961e-01
  2.78321958e-01  4.01012432e-01 -3.09244092e-01 -3.45101979e-02
 -1.43286526e-01  3.70560351e-01 -3.43606482e-01 -8.69378127e-02
 -2.13281205e-01 -1.96067599e-01  1.07225302e-01 -2.52126253e-01
 -4.48647568e-01 -4.16255403e-01 -2.91973204e-01 -1.25513036e-01
 -3.55167627e-01 -4.26827124e-01  3.29616536e-01  3.99837716e-01
  5.68131391e-01 -5.41028060e-01  2.43369897e-01  8.66376087e-03
 -4.31594207e-01  3.12982768e-01  7.55189590e-03 -1.15402585e-01
  2.00072779e-02  7.42081518e-02 -3.81705297e-01 -5.02208598e-01
 -4.85176424e-01  5.21206675e-02 -2.77299853e-01  4.08955613e-01
 -2.91736105e-01  1.70500139e-01 -6.66793336e-01 -7.25490173e-01
 -1.62005754e-01  2.44481248e-01 -6.85997460e-02 -2.52705848e-01
 -1.07943179e-01  1.63220008e-01  1.33375590e-01 -7.46740311e-02
 -2.89424357e-01  2.37482746e-01  5.03373348e-01 -4.59368137e-02
 -2.56723045e-01  3.44569039e-01 -9.13063628e-02  1.51594881e-01
  9.16869544e-02]