best: 77.36411182741075
 
 
[-0.84789569  0.83021205 -0.48218422 -0.21741939 -0.89187634  0.00289032
  0.64734706  0.76405341  0.56977043  0.32059892  0.23795659  0.18607959
  0.28406271 -0.83973771 -0.48677492 -0.211748    0.3415261  -0.85984451
  0.57496475 -0.18889088 -0.82120635  0.10563858 -0.38167022 -0.139453
 -0.07128808  0.96423907 -0.28526697  0.32315686  0.63068063  0.28236403
  0.55622889  0.52865249 -0.44598651  0.61148954 -0.65083249 -0.19853373
  0.90333102 -0.96048621 -0.09755782 -0.12649523 -0.27134974 -0.83013099
 -0.09986679  0.95699572  0.39061091 -0.74660753  0.34916201 -0.63546636
  0.0141073  -0.58700134 -0.48732894  0.92108311 -0.78821115  0.22138343
  0.39803669 -0.08165115 -0.10034484  0.25084993  0.31939413  0.19214362
 -0.01076657 -0.23475393 -0.69333034  0.15330501 -0.39243306  0.32429715
 -0.86461021 -0.4551468   0.41119455  0.48540439 -0.49278166 -0.78213399
 -0.40836372 -0.71847912  0.37922741 -0.10104016  0.87155848 -0.15416639
  0.68574998 -0.5036127  -0.1638087   0.77365488 -0.40091143  0.25898204
  0.453148    0.14716431  0.04057996  0.88255102 -0.59083084  0.14100566
  0.49923558  0.07224714 -0.60874477  0.03144699  0.26417678  0.79015282
  0.48902785  0.67589363  0.00467195 -0.85315948  0.40312137 -0.35336926
 -0.18703411  0.32090831  0.4465968   0.29974692  0.13712418 -0.17368062
 -0.3486964  -0.04756213 -0.09480854  0.55356543 -0.28531321  0.38195342
  0.22184016  0.91982263  0.73893722  0.35576165  0.40360491  0.34523224
  0.42484508  0.86112301 -0.2963865   0.1751788   0.87110839  0.59592857
 -0.84524159  0.31535523 -0.06574537 -0.34176371 -0.86190979  0.35084079
  0.93626341  0.25676419 -0.86039129  0.35356584 -0.50429727 -0.27865934
  0.68515414 -0.4690934   0.305725   -0.12998626 -0.11827178  0.6306369
  0.70575281  0.09133175 -0.48278369  0.40873458 -0.22352324  0.07148399
 -0.3943036   0.30337612 -0.54956366  0.53672232 -0.63882923 -0.40881537
  0.69282448  0.77346942 -0.19657165 -0.54437392 -0.7043273   0.15445553
 -0.78111433 -0.71504518  0.28947113  0.11720585 -0.73118255 -0.77447689
  0.56418363 -0.04613859  0.40421355  0.8637496  -0.53066969  0.9424248
 -0.26707381  0.71478166  0.44549141 -0.27627133 -0.2635967  -0.08576603
  0.57107248 -0.97359169  0.37179432  0.42862126  0.0942024   0.71588193
  0.71296003 -0.13884533  0.7700798  -0.61531983  0.75970748 -0.3388139
 -0.57307893  0.42268913  0.06169298 -0.87063537 -0.14062446 -0.69133561
 -0.69510832  0.16248219  0.47661223 -0.60636539 -0.42738389 -0.06011788
  0.67187782 -0.10548192  0.66567685  0.67280359  0.8158237   0.68485199
  0.49902196  0.33642995 -0.86463774  0.87279941 -0.69851388  0.7822626
  0.24773617  0.33720485  0.84169823  0.10430582  0.68759585 -0.64793927
 -0.22327998 -0.63263518  0.79558565 -0.4329185   0.38333247  0.71469218
 -0.04604683 -0.5933917  -0.4732849   0.00752056  0.22689517  0.52933397
 -0.43875927 -0.50362465  0.69098095  0.3494232   0.31091975 -0.39197568
 -0.00928847  0.11639444 -0.32535537  0.18717239  0.70786596 -0.83614033
 -0.90887433  0.70276433  0.23818239 -0.68421534 -0.678332   -0.71689191
 -0.87902722 -0.11265347  0.84561094  0.30149416  0.82305065 -0.13923643
 -0.43165175  0.33996692  0.3409257   0.36191591  0.31546698 -0.77189319
 -0.81394396]