best: 86.47588612930602
 
 
[ 2.69173307e-01  6.68112471e-01 -1.69746657e-01 -6.73312920e-01
  5.51775576e-01 -4.98301585e-01 -4.52662054e-01  7.30175217e-01
  3.82680577e-01 -1.46047964e-01 -2.83668298e-01 -5.48475771e-01
 -1.34513372e-01  1.46200951e-01 -1.14970591e-01  8.87506019e-01
  2.05295758e-02 -3.00313186e-03  1.91259923e-01 -4.25420736e-01
  4.17444500e-01 -3.06937226e-01 -6.64967083e-01 -2.86273352e-01
 -7.55999042e-03 -1.53818662e-03  7.42623061e-01 -6.57640555e-02
 -6.16650948e-03 -5.27307034e-01 -3.75572247e-01  7.10154576e-01
  2.90069779e-01  8.25234543e-01 -8.01059521e-03  3.44566325e-01
  6.73373458e-01  3.37607115e-01  9.53025870e-02 -5.29530917e-01
  3.01971835e-01  4.21774893e-01 -3.83092670e-01 -4.77986396e-01
  2.47420229e-01 -1.88527076e-01  5.13881544e-02 -9.47078785e-02
  4.17342366e-01  4.35118625e-01 -1.02416059e-01  3.82156474e-01
  2.34549711e-01 -6.63415213e-01  6.37716020e-01 -4.97597880e-01
  2.41169047e-01  1.49304235e-01  7.64457105e-01 -3.77353746e-01
  7.02492287e-01 -6.29684379e-01  6.31551012e-01 -7.16332733e-01
  2.10320254e-01  1.43854209e-01  1.09957015e-01 -2.08627192e-01
 -6.33528670e-01  3.80121397e-01  2.36907203e-01 -8.47089738e-01
 -7.38524029e-01 -3.80276813e-01  7.05238308e-01  8.07195698e-01
 -3.82523201e-01 -8.07909333e-01 -4.22221298e-01 -7.96142825e-01
  3.15947260e-01  6.31051645e-01  2.59366761e-02  7.65508291e-01
 -3.27496181e-01  3.43072926e-01  4.19643561e-01 -2.54179836e-01
 -2.53042734e-01  2.55671952e-01 -5.26765209e-01  8.04489854e-01
  3.66400169e-01  1.74189900e-01 -3.34953437e-01 -5.97265319e-01
 -3.64808970e-01 -8.77505103e-01 -2.80797755e-01  2.92709647e-01
 -2.94068144e-01 -7.28478363e-02 -7.20398276e-01 -7.41421856e-01
  6.94362210e-01 -6.06878221e-02 -5.47207589e-01  5.56693720e-01
  2.12862533e-01  6.80303778e-02  5.96158294e-04  5.11234467e-01
  3.28844029e-01 -5.08166717e-01 -7.07151766e-01 -1.15451928e-01
  3.35754433e-02 -4.16438701e-01 -3.83548670e-01  3.57438865e-01
 -5.16622361e-02  1.73326684e-02  5.99168878e-01  2.10013395e-02
 -5.68000390e-01 -3.74874374e-01 -8.64816257e-02  1.66021451e-01
 -1.34127967e-01 -1.68922865e-01 -4.12235039e-03  2.70203813e-01
 -6.32124937e-01  3.55340018e-01  8.43013345e-01  4.60823628e-01
  9.30218143e-02 -5.60883377e-01 -1.95216640e-01 -2.45864579e-01
 -4.83294447e-01 -8.30702846e-01  6.55089108e-01 -5.01456178e-01
 -6.88026576e-01 -1.56123831e-01  1.03088030e-01 -5.26312749e-01
 -4.94777385e-01  3.68119561e-01  6.05278480e-01 -7.01111025e-01
 -1.47445766e-01 -7.96443398e-01 -6.79715676e-01 -8.86058067e-03
  1.61274577e-01  4.39270581e-01  4.72879977e-01  1.42405623e-01
  3.22854397e-01  4.20375783e-01  3.61635402e-01 -5.52201132e-01
 -5.99699741e-01 -6.31628871e-01 -8.07012460e-02  6.89951223e-01
 -5.84848145e-01  3.63818762e-02  3.87536913e-01 -7.75104151e-01
  5.53539887e-01 -6.91744927e-01  7.62506496e-01 -6.83645608e-01
  3.66812723e-01 -1.33683838e-01 -5.50563378e-01  1.29462378e-01
 -5.57007431e-01 -2.05993716e-01  5.72345278e-01  6.85876823e-01
 -6.05820690e-01 -2.79648888e-01  4.99203488e-01 -2.29552418e-02
  2.80553419e-02 -3.95837494e-01  4.38487843e-01  1.16771607e-01
 -2.05116740e-01 -4.71101324e-01 -1.68204523e-01  5.20679139e-01
 -6.87219901e-01 -6.38570271e-01 -3.62984010e-01 -3.23766223e-01
 -6.17769746e-01 -7.95751706e-02 -6.26293777e-01  4.98321334e-01
  5.76417120e-01 -5.14479647e-01  3.81364399e-02  3.33207846e-01
 -3.15645435e-01  1.87843664e-01 -3.65712453e-02 -5.46772824e-01
 -6.89378262e-01  3.92262359e-01  2.56070037e-01 -4.73572600e-01
  7.02084265e-02 -6.65475512e-01  1.18329264e-01  1.55299703e-01
 -8.06646391e-01  3.12088227e-02 -4.12604326e-01 -1.68767481e-01
 -7.37728581e-01 -4.63834032e-02  4.19809101e-01  3.94796636e-01
  3.86488478e-01 -4.04440400e-01  4.25759635e-01 -3.02534283e-01
  4.73405635e-01  6.47351292e-01 -2.60206391e-01  3.53390997e-01
  5.93597496e-01  5.42910802e-01  1.71993376e-01 -5.85774923e-01
  5.59763185e-01  1.35081553e-01 -3.23505786e-01 -5.68841209e-01
 -2.04737412e-01  5.57239930e-01  5.20211109e-01  4.33477799e-03
  7.71707311e-01 -8.28470269e-01  7.12572605e-02 -4.37074475e-01
 -2.08279262e-02  5.58143334e-01  7.23787782e-01 -7.46701630e-02
 -2.71590004e-01  3.58418070e-01  6.38405243e-01 -6.21561908e-01
 -5.14427282e-01 -4.34193510e-01 -1.28565510e-01  1.36672847e-01
 -6.59606439e-01]