best: 71.01514557964337
 
 
[ 0.09596952  0.11883483 -0.26208022  0.17059425  0.36789376  0.1257723
  0.15667565  0.43200445  0.35015764 -0.42370976 -0.05788663  0.35738864
 -0.34084809  0.5071471  -0.00848181  0.1330158  -0.53428359  0.18692315
 -0.01072579  0.49263009 -0.24630111  0.19781873  0.27688088 -0.2760227
  0.27703165 -0.17389921 -0.36807359  0.15582958 -0.10618037  0.06297096
  0.06208359 -0.09734037  0.1202257  -0.28712537  0.19960768 -0.04372043
 -0.13136663 -0.12308365  0.47924917 -0.3736709  -0.09201279 -0.13836278
  0.43855857 -0.18056429 -0.16037547  0.19328139  0.29026891  0.00413408
  0.52922485  0.56035647 -0.07780824  0.2318391  -0.32977834 -0.10430502
  0.59543061 -0.52968605  0.25884483  0.23753804  0.29750245  0.05236263
  0.33090884 -0.13588621  0.5902963   0.22913313  0.08315371 -0.24296557
 -0.07118386  0.12391928  0.26739824 -0.28686229 -0.09837988  0.17799633
  0.066883    0.41955233  0.32841017  0.16296095 -0.20659017 -0.20638609
 -0.17591056  0.10735341 -0.08444473  0.31745059  0.559225   -0.32654543
 -0.01894226  0.43781938  0.02197166  0.49959982  0.51100995 -0.09334962
  0.08073831  0.03746084 -0.48314306  0.23961285  0.13178604  0.13624599
 -0.16909817  0.07450382 -0.07577085 -0.14600477  0.10473834 -0.07717541
 -0.10076265 -0.21848677 -0.24008609 -0.20779278 -0.29293589  0.70816604
 -0.31081761 -0.34395533 -0.05848578  0.31646387  0.02065419  0.37352525
 -0.07770095  0.37550831  0.40338295 -0.01020839  0.3922335   0.43587124
 -0.2520392   0.15888258 -0.07458091  0.21679387  0.34180797 -0.09827821
  0.37662543 -0.19974905  0.45278445  0.3590492   0.04233041  0.17214376
  0.57514112  0.92222159  0.22543367 -0.02947299  0.31259887 -0.03909878
 -0.03638444  0.20533089 -0.02552078  0.11947259  0.55251897  0.04753794
 -0.53329726 -0.20541783 -0.46018807  0.27516768 -0.50524592  0.61821591
  0.63226234 -0.03612045 -0.01339647 -0.14045306  0.0480068  -0.2392282
  0.33538635 -0.07994351 -0.31716933 -0.00305258 -0.09397416 -0.11523952
  0.06678111 -0.03137241 -0.1289497  -0.63152572 -0.17530461 -0.32286356
 -0.12378576 -0.20901073  0.3426636  -0.13689568 -0.21473585 -0.26869085
 -0.1098965   0.53711279  0.05682886 -0.12052559  0.04866282 -0.31438121
 -0.32995977  0.02951529 -0.1426688   0.06188692 -0.02908462  0.19504287
 -0.23402355 -0.21941363  0.50589125 -0.04745594 -0.252529   -0.67010979
  0.35040567 -0.2525652  -0.14056112 -0.39010455  0.13595251 -0.03744427
  0.34370446  0.36356756 -0.0536158  -0.09759816  0.00476585  0.03984229
  0.05217622 -0.11362252  0.41672513 -0.06811054  0.10748945  0.01270981
  0.34012726 -0.02711542  0.48627206  0.42531042 -0.06601601 -0.25122394
 -0.25449957 -0.3055713   0.17785957  0.36008019 -0.22439697 -0.14860802
  0.06664806 -0.35010257  0.76250466 -0.12795294  0.31565221  0.17135954
  0.0942743   0.35156327 -0.2725153   0.20127068  0.00874008 -0.35250951
  0.25584108 -0.09285499 -0.08923946  0.04406142  0.37129022  0.14636585
  0.04921603  0.04328881  0.33478721  0.47890096  0.08995221 -0.15747802
 -0.17681413  0.2568789   0.46449337 -0.19065849 -0.73925527  0.16099891
  0.13766316  0.2765962  -0.09078986 -0.14944535 -0.15912344 -0.20934286
  0.4030507   0.50587669 -0.49540493 -0.01753681  0.033789    0.21505687
 -0.30667317]