best: 28.20961414428561
 
 
[-0.04444166  0.097821    0.09208363  0.78140541 -0.11327315  0.20612351
  0.32589261  0.00994281  0.225712    0.27214577 -0.3618301   0.27673337
 -0.01083026  0.58084335  0.15190888  0.46846768 -0.50597837 -0.70824117
  0.45822267 -0.3488598  -0.32435549 -0.29855355  0.26130155  0.49222894
  0.05580071 -0.09507548  0.02577363  0.63346576 -0.33383375  0.38270146
  0.14872552 -0.32783337  0.33223707 -0.27808258 -0.13272987 -0.13489102
  0.4110149   0.24993248 -0.55211628  0.03421171  0.03904935  0.21913502
  0.54948657  0.40250698 -0.22766588  0.69581367  0.65316589 -0.14293045
  0.25568401  0.20641358  0.29201102  0.06372478 -0.48796183  0.27136055
 -0.3738344  -0.38382436 -0.72869722 -0.27928612 -0.28539497  0.24633598
 -0.12565099  0.57614544 -0.41427185 -0.16210531  0.19620851  0.01234503
 -0.08487113 -0.48272935 -0.59559816 -0.07201223  0.23999218 -0.5947684
 -0.25532047 -0.22042879 -0.59670926  0.21073261 -0.38969666  0.56138246
  0.18421547 -0.08209084  0.51530569  0.28573596 -0.32543544  0.1741753
  0.25517837 -0.10906851  0.23474491  0.67069881  0.01452374  0.22466906
  0.04968583  0.14368975 -0.570551   -0.32868415 -0.18257243 -0.44720198
  0.08080946  0.31142832  0.07804056  0.01035716 -0.42485541  0.20325416
  0.29100068 -0.38461071  0.19918881  0.22472412  0.04189702  0.65726142
  0.15477635 -0.66004945 -0.23049543 -0.33025113  0.27938636  0.0330353
  0.21281417 -0.06598501  0.35970048 -0.29131302  0.69183268 -0.21479485
  0.00539141 -0.43569612 -0.17349616 -0.34723798 -0.66745253  0.04685364
  0.40857371  0.16596475 -0.5775714  -0.54477747  0.1343445  -0.14779305
 -0.81608374  0.04089284 -0.08762935 -0.38112867  0.31101586 -0.60972577
  0.18473756 -0.56752898 -0.33470296  0.13228982 -0.29484389 -0.14127092
 -0.133716    0.27193374  0.0118463  -0.6838204  -0.33041151 -0.42718854
  0.5630694  -0.12510503  0.08543316 -0.4129471  -0.22818475  0.17377061
 -0.05139548  0.39597068 -0.14330631 -0.32611335  0.01212696  0.30722756
  0.28388928  0.08420384 -0.70800146  0.15042097 -0.1867056  -0.51586576
  0.40940499  0.1231037  -0.14593342  0.10646626  0.38012524  0.19695874
 -0.41566021  0.01797575 -0.18295019  0.72576423  0.27936039 -0.15765515
 -0.51418153 -0.00184537  0.27609218 -0.42230279  0.64558184 -0.13686904
  0.54325454  0.15056877  0.4978628  -0.18860038 -0.52827697  0.52921558
 -0.45344703 -0.08514634  0.1096516  -0.00585601 -0.20273858 -0.12697806
 -0.18390618 -0.26320695  0.63049413  0.0651243   0.42781848  0.21780019
  0.3366599   0.7637425   0.09464518  0.51724118 -0.3729562  -0.20510994
 -0.34224621 -0.59928616  0.52557852  0.14522776  0.26371851 -0.35001347
  0.28681139  0.63046152 -0.26516694 -0.45419122 -0.24741712  0.00122879
 -0.1827926  -0.07898075  0.17964562 -0.39780925  0.23994944 -0.07672681
 -0.10526919  0.72964502 -0.06181634 -0.36008367  0.3791871   0.48267109
 -0.12674392  0.17723596  0.09478763  0.50639453 -0.73213019 -0.40744516
  0.01237643  0.58394976 -0.03441709 -0.26221707 -0.55807813 -0.08878445
 -0.84179968 -0.24796496  0.19212952 -0.55040571  0.00111835 -0.30874173
  0.31303883 -0.09767774  0.44334544  0.3993831  -0.30350738 -0.17624374
  0.32741021  0.21391281 -0.40093882  0.01252241 -0.42365213 -0.07419793
  0.237436  ]