best: 70.95338602221227
 
 
[ 0.49933084  0.83789283  0.08483101 -0.45352898 -0.07483709 -0.43365722
 -0.70003849  0.3493361   0.02428958 -0.10789433  0.54917494 -0.35581023
 -0.06537903  0.36751757  0.27726994 -0.28598945 -0.49660125 -0.41413136
  0.49692207 -0.57632073  0.34917325 -0.34809155 -0.59664541  0.83878834
  0.69841983 -0.01717938  0.22285466 -0.59189713  0.01868339 -0.47882553
 -0.42988911 -0.3598216   0.2045854   0.58054155  0.570721   -0.02200685
  0.51678793  0.55937495 -0.31968213 -0.56201393 -0.50363621  0.05539391
  0.28237006  0.04696875  0.28829335 -0.06308992  0.42060931  0.16729881
  0.35498255 -0.65950262 -0.10410334 -0.78455609  0.04177252  0.10549514
 -0.38820272 -0.41658003 -0.31957592  0.14230687 -0.40065369  0.64272547
 -0.71408871  0.14272343  0.10487607  0.12869095  0.12775284  0.34199766
  0.34592749 -0.41771542 -0.36140056 -0.07095623 -0.0604444  -0.12774998
 -0.00783819 -0.2822296   0.29303479 -0.49700002  0.50017016 -0.54009404
  0.27605221 -0.01207149 -0.69673126  0.79296355  0.25125066  0.14230547
  0.29028811 -0.81767552 -0.50331951 -0.49068325  0.01834434  0.63532781
  0.06235788  0.40384282 -0.06243812 -0.07423675  0.35387817  0.13010978
 -0.31223236  0.26980456 -0.29308293  0.23423769  0.42977801  0.27948464
  0.41199171  0.61712229 -0.61119535 -0.7521164  -0.17458157  0.00953568
 -0.50740158 -0.64410135  0.09733026 -0.36535537 -0.01004152  0.73023251
  0.5197503   0.23245324  0.29185062  0.05948996  0.12345887 -0.26805775
 -0.55613661  0.2512726  -0.49200888  0.25454306  0.70367006 -0.57658956
 -0.3010382  -0.37739942 -0.0707733   0.30714278  0.55576242 -0.74482919
 -0.29860306 -0.41649026 -0.56579168  0.12014169 -0.33576971 -0.39366114
 -0.61953455  0.38647989  0.26314555 -0.14001051 -0.85270704  0.316612
  0.12323431 -0.67753515 -0.29923293  0.45163979  0.69239138  0.41994633
 -0.36795736  0.14670629  0.43095135  0.25303013 -0.63093725 -0.85476191
  0.07145444 -0.72660792 -0.19429601 -0.34072594  0.66204138  0.23726247
 -0.73944561 -0.60500694  0.37753482 -0.3174923   0.05153095 -0.30971952
 -0.18459828 -0.58552682 -0.62092795  0.24332198 -0.14123219 -0.51009142
  0.66997492 -0.28830259 -0.27632438 -0.59568545 -0.71950546 -0.4629663
 -0.18595553  0.44722872 -0.53507839 -0.75198112  0.24807689  0.38128202
  0.25990738 -0.61083764  0.2988486   0.30717949 -0.48022901 -0.0103129
  0.52442546  0.75651976  0.24323475  0.25507963 -0.34568694  0.87213957
 -0.53929901 -0.1312422   0.1199118  -0.78348925 -0.7700012   0.52259252
  0.09141595  0.02780528  0.43441237 -0.41836778 -0.51250127  0.5877328
 -0.14013661 -0.22509805  0.50980715 -0.12582775  0.25143387 -0.36255699
 -0.65802572  0.19854583  0.22536383 -0.02401308 -0.25824027  0.42132456
  0.10892221  0.153554    0.1383299  -0.42447266 -0.91660292 -0.08012258
  0.02189285 -0.43254235 -0.12298614  0.27099425 -0.31426563  0.85567011
  0.32234503  0.27986103  0.42361565 -0.36216695  0.75924075 -0.05348342
 -0.5036245  -0.4316403  -0.74859656  0.56778532 -0.54090892  0.68274484
  0.42610029  0.85102278  0.24278672  0.39353312 -0.01435059 -0.55292162
 -0.39827805  0.3347113   0.18150621 -0.69335031 -0.57703115  0.23934683
 -0.5457125   0.61983582 -0.18538077 -0.3508707   0.4464988   0.24971031
  0.53501023]