best: 70.80699110356817
 
 
[ 0.54054496 -0.33181287  0.36666648  0.2633324   0.34813277 -0.74683087
 -0.15190723  0.53661724  0.80321354  0.7568012   0.77496073 -0.78901368
  0.11593199 -0.66493875  0.64924341  0.78834859  0.56924355  0.29648694
  0.54780229  0.33436457  0.14156272  0.7445754  -0.12126467  0.71991011
 -0.30271013 -0.28853331  0.58220671 -0.58171614  0.01946203  0.17336734
 -0.04900119  0.86731097 -0.21661418 -0.59321762  0.61269008 -0.44114419
 -0.54985523  0.52930199 -0.59294235 -0.79164938  0.49900717 -0.48567547
 -0.75353973  0.6474777   0.64979292 -0.47117842 -0.48125641  0.70248193
 -0.60836043  0.11957338 -0.72493573 -0.03483312  0.74249663 -0.38317838
  0.0954491   0.44811403 -0.77189004 -0.41338578  0.44226119 -0.43244156
 -0.85752044 -0.29405377 -0.14257809 -0.6808108   0.09711801 -0.36963484
 -0.76226375  0.38560277  0.22836455 -0.3149556  -0.58469492  0.69464381
  0.6617561   0.29553111  0.60566212 -0.03930304  0.1962941   0.01913303
  0.37127626 -0.09272227  0.70638721 -0.63241827  0.08587165  0.36485717
  0.36060441 -0.03315929 -0.73583132 -0.3115647  -0.45023705  0.7053293
  0.46252724 -0.08680118  0.76648064 -0.24318258 -0.2909238  -0.57675918
  0.38757685 -0.86372296  0.31281241 -0.29461062  0.14235765 -0.32425355
 -0.26459611 -0.87799422  0.41205092 -0.47212388 -0.85192466  0.68813175
 -0.38528133  0.5945307  -0.18806829 -0.52784404  0.07279846  0.42216006
  0.61314071 -0.26741262 -0.34329927 -0.08482187 -0.15186536  0.84048927
  0.59653758 -0.77170821  0.7076484  -0.09859463  0.42321679 -0.47645148
 -0.64065221  0.05970207  0.01898928 -0.73517684  0.36513195  0.63334183
 -0.3400559  -0.58310427 -0.67952302 -0.08080361 -0.13739216  0.20553566
  0.74277185 -0.17109461  0.48156999  0.76474673 -0.00854619  0.63225586
 -0.05345699 -0.67224644 -0.54215014  0.51202359 -0.617871   -0.32063708
  0.46650648  0.30930915 -0.66343728 -0.16018491  0.25351106 -0.04034052
 -0.23677747 -0.08438886 -0.4718214   0.048343   -0.09171687 -0.0625507
  0.29747389  0.14077057 -0.36226753 -0.76350557  0.8476276   0.13820122
 -0.13843624 -0.25022506 -0.235577   -0.26630223  0.60137116 -0.82505787
 -0.37682204 -0.45328056 -0.48521886  0.35040513 -0.32664051 -0.63354129
 -0.04632951  0.63383742 -0.38105652 -0.66128027 -0.37434023 -0.3616052
 -0.65727357  0.93571527  0.10535837 -0.68387025  0.59284502  0.63922492
  0.25192813  0.59230208  0.12148043 -0.59541385 -0.67160628  0.15315177
  0.63864463 -0.75409945  0.47834086 -0.13039611  0.69961461 -0.49312195
 -0.20796342 -0.48461943  0.56578195 -0.55402549 -0.71942202 -0.78444561
 -0.74953853  0.37678496  0.4452989   0.54452483  0.14931018  0.67510077
 -0.36177429 -0.6578447  -0.72453588  0.20705034 -0.57614748 -0.75080735
  0.85788313 -0.13693458  0.16352366 -0.31241269 -0.1212041  -0.1556662
 -0.14466205  0.79716565  0.22969115 -0.15135389 -0.19934847  0.59578328
  0.04539491  0.05746385  0.84682624  0.82918915  0.66114741 -0.52412555
 -0.12769893 -0.59289973 -0.75443072 -0.67728487 -0.15184867 -0.35908889
 -0.1429696   0.72625441 -0.75589172 -0.48528687 -0.59362098  0.34316013
 -0.1342353   0.7731948  -0.55754166  0.74199469 -0.55909808  0.93677811
  0.32753282  0.08856655 -0.75458859 -0.7842635  -0.8418537  -0.25687296
  0.80932231]