best: 70.98146775926271
 
 
[ 0.43926517  0.49921762  0.16765946  0.39758243 -0.31244821 -0.50219494
  0.20796014 -0.4508461  -0.06634652 -0.17927045  0.38517962 -0.36650984
  0.11019639  0.21559687 -0.55305437  0.17147141 -0.45748683 -0.17235847
  0.00668987 -0.2273556  -0.71529307 -0.23049807 -0.54698009  0.36360664
  0.39001971 -0.523863   -0.22901523  0.25792352 -0.03381709  0.19790898
 -0.32753226  0.12498189  0.09949264 -0.13516472  0.62242361  0.01741849
  0.40508545  0.15049684 -0.53746289  0.01865892 -0.22510191 -0.09776623
  0.31746166 -0.03115841 -0.02893521  0.28602456  0.3776457   0.42821012
 -0.4654313   0.31258156 -0.35569343 -0.3368945   0.3335353  -0.3836754
 -0.61598162 -0.17379791  0.09341711  0.11995501  0.15809964 -0.05038668
 -0.64433142 -0.45316694  0.03522649  0.55136012 -0.24070731 -0.31599228
 -0.43681002 -0.42830872 -0.18776253  0.06333284 -0.12014684  0.54297025
  0.46834051  0.42705182 -0.62930246 -0.37358945  0.27881018 -0.07854797
 -0.02166906  0.01883519  0.27176667  0.14328194 -0.01496235 -0.14073387
 -0.40688778  0.13654733 -0.35698874 -0.18762487  0.35121464  0.24416642
 -0.31244058  0.55436953  0.28689631  0.4316314  -0.40485419 -0.18064016
  0.3763104   0.38435383 -0.10524124 -0.06897777 -0.02277784 -0.09593988
 -0.42324112 -0.39038175 -0.34992126 -0.28126521  0.3288197   0.03470234
  0.38846093 -0.42142555 -0.02316637  0.52183622 -0.66176871  0.28632399
 -0.30356971  0.41695861 -0.26432029 -0.58038117 -0.07348113 -0.13200474
  0.23680497  0.63765911  0.29569735  0.09479828  0.40206526 -0.49648448
  0.57549422  0.17098598  0.24884623  0.0565709   0.38493839  0.40819374
  0.0438969  -0.31358814 -0.1126834  -0.09227187 -0.09189231  0.11313787
 -0.03998302 -0.04439836 -0.173359   -0.16807369  0.22102389 -0.00551292
 -0.26305098  0.31923376 -0.1503522   0.14600411 -0.02388986  0.21467613
 -0.36248699  0.27611068 -0.13971389 -0.28018657 -0.77999947  0.63523399
  0.2018038  -0.13368193 -0.58394399 -0.44214631  0.27906202  0.38023462
  0.09334027 -0.41356466  0.06220977 -0.01781409  0.55251412  0.203785
  0.28346554  0.45878016 -0.38238996 -0.22328209 -0.09279537  0.51231442
  0.36982232  0.36539815 -0.06851303  0.52758506 -0.12698595  0.34834228
 -0.15362645  0.23118978 -0.13298104  0.14599804  0.16020595 -0.12933261
 -0.36931593 -0.5421997  -0.49644606  0.3210596  -0.28408161  0.23925737
  0.05873867 -0.06704396  0.37227043 -0.40589759 -0.42765836 -0.18931325
  0.2880273  -0.00716643 -0.26292649 -0.52590715 -0.00716995  0.0282771
 -0.00293264 -0.47480734 -0.20081114  0.53350294 -0.41456748  0.06743941
  0.21499558  0.02468426 -0.18420894 -0.05331159  0.04116366  0.13780521
 -0.32679028  0.41787563  0.23589917 -0.32834846 -0.33499492  0.48030607
 -0.28759512  0.45845078  0.36526261  0.10347808 -0.22970346  0.17727455
 -0.05154915 -0.15465887  0.11203467 -0.12486343  0.36974582  0.81704698
 -0.10023588 -0.11325176 -0.13868715  0.28137619 -0.39071468  0.4903735
 -0.48516808  0.00157176 -0.35742725  0.12760358  0.44104383 -0.24318048
  0.06316494 -0.10923737  0.24924041  0.41041166 -0.61468391  0.16055148
  0.4039599  -0.13325009 -0.36091358 -0.22283636 -0.36277493  0.57732676
 -0.11633111 -0.61445062 -0.3122174  -0.24813014 -0.11653973  0.49090364
 -0.05282476]