best: 56.55316920450211
 
 
[-0.85205422 -0.19125378 -0.25768885 -0.20484797  0.88700691  0.56977975
  0.84465766  0.26296066  0.89149536 -0.10762782 -0.01815074  0.18070712
 -0.82882683  0.21353538 -0.61469248 -0.64972623 -0.41090605 -0.04225002
  0.06236368 -0.1179171   0.84485653  0.94403983  0.1100724  -0.64901953
 -0.91879724  0.09835802 -0.02443771  0.45840875 -0.07754117 -0.75727923
  0.49284742  0.00142889 -0.82648995  0.49481    -0.55057455  0.70436925
 -0.57863045  0.05132105  0.44667057 -0.80222292  0.51533627 -0.2682836
 -0.63712943  0.11023063 -0.73029309 -0.92826702  0.30583432 -0.7168108
  0.85513064  0.63749543  0.11508334  0.67209358 -0.09098591  0.46729934
 -0.21306388  0.80715838 -0.28105019  0.52544653 -0.06251275 -0.57838529
 -0.73652652 -0.20358368 -0.967309   -0.03669249 -0.39885526  0.27306588
 -0.80976243 -0.36603029  0.80918823 -0.47378858 -0.1253369   0.2554404
 -0.82957987 -0.75576786 -0.50390614 -0.76753833  0.2005566  -0.63625878
 -0.29858617  0.18720784  0.66097235  0.18731685 -0.48688716  0.97494855
 -0.64280006 -0.87631251 -0.88273664 -0.03722122 -0.24508026 -0.90324662
 -0.02819539  0.72500358 -0.38556736  0.25591394  0.52737973 -0.83317087
  0.26210267 -0.8214167   0.85295903  0.86351953 -0.21246962 -0.76578155
 -0.96552957 -0.0546279  -0.59492727 -0.69159843  0.68617349  0.60896528
  0.59268698 -0.05767402  0.23557288 -0.5165859  -0.20263041  0.38559739
 -0.70751361 -0.04262047 -0.7960151  -0.67698975  0.56718937  0.11380464
  0.22021306 -0.39442106 -0.85181474 -0.91858121 -0.7353891   0.92666072
 -0.86980409 -0.25595373  0.10301335 -0.3317775   0.65255648 -0.33094133
 -0.91887445  0.45445622 -0.12537444  0.50665601  0.79623823  0.565818
  0.71074104  0.8812052  -0.88490958 -0.94064068  0.03642368 -0.23258581
  0.25489226  0.89045595  0.4515912  -0.81654988  0.76257277  0.13397592
 -0.66243714  0.98481176 -0.11328052 -0.63897184 -0.81364313  0.77756228
 -0.91191982  0.88899384 -0.28156013  0.38712111 -0.57220822 -0.06234247
 -0.67174037  0.96206242  0.58161961 -0.05489304 -0.487099    0.61528614
  0.7594975   0.27758117  0.52595261  0.33024379  0.49975954  0.3400173
  0.78546375 -0.03909802  0.55669996 -0.4029864   0.34357449  0.41555106
  0.85736181  0.61390985  0.20386657  0.24906756 -0.61748013  0.64592019
 -0.72343448  0.90962247 -0.27606154  0.67348846 -0.36611685 -0.9926252
 -0.11563276  0.17166089 -0.38477868  0.48940844  0.63938746 -0.66330175
  0.56326097 -0.40606808  0.03535043  0.23113535 -0.77145674 -0.80296909
  0.35155452  0.93645921 -0.1917524   0.72557937  0.38942396 -0.84853841
  0.06104276  0.76353477  0.02514443 -0.11000526 -0.87574867 -0.25600595
 -0.15608046  0.01458042 -0.45356809 -0.01788167  0.2841755  -0.9421534
 -0.24125396  0.74540326 -0.21629375 -0.28289224 -0.2107119  -0.58471355
 -0.23412239 -0.62758182 -0.83476387 -0.96852031  0.73814718 -0.23875932
  0.46468316 -0.29454467 -0.82233362 -0.2884445  -0.95989515 -0.79200967
  0.01359268  0.81131794  0.1224218   0.84353189 -0.00448914  0.10755565
 -0.72693791 -0.93299458  0.74911192  0.04502227  0.80188144  0.71729657
  0.62917177 -0.79702559 -0.92172773 -0.35366768 -0.91775238 -0.28946294
  0.00278419  0.63870016 -0.62338318  0.53440987  0.38757811 -0.85102612
  0.1296679 ]