best: 86.26658528482292
 
 
[-0.74268105  0.05964233  0.04578632 -0.35932091 -0.61367062  0.75357008
  0.82961662  0.41084942 -0.03573038  0.45202405  0.62189783 -0.90405052
  0.44208784 -0.34950303 -0.30220202  0.49438978  0.81684956  0.69541564
 -0.52360264  0.7872506   0.65743047 -0.18003031  0.76773665  0.6172918
  0.61159823 -0.85916546  0.26388031  0.76540776 -0.0383993   0.74522255
 -0.35055557  0.22165862 -0.18666606 -0.49707    -0.53557821  0.34171824
  0.04241965  0.07679286 -0.69087392  0.75336568 -0.59349442  0.66231655
  0.03451038 -0.32241036 -0.59610832  0.40872937 -0.26076272 -0.5034046
 -0.66935647  0.74177587 -0.36809348 -0.00235476 -0.14824588 -0.29086556
  0.82859584 -0.63875365  0.42634435  0.52450893  0.19339366  0.43068573
 -0.72291933  0.57681467 -0.90926045  0.72512277 -0.73391306  0.12957614
  0.35279306 -0.49694206 -0.7061668  -0.05414263 -0.4517997   0.62977227
 -0.20414955  0.71981581  0.01457075  0.26301857  0.76044955 -0.06648365
 -0.17531068 -0.75238288  0.20000788 -0.31855073  0.31446147  0.22841789
  0.19233563 -0.56834459 -0.17017288 -0.75691078  0.56208235  0.32312903
  0.09754862  0.71659534  0.0807895  -0.29228697 -0.75865828 -0.13876681
  0.30871422 -0.06799292 -0.08199212  0.65284158 -0.53554386 -0.36845808
 -0.65885764 -0.84826834  0.80178118  0.87563219 -0.06241484 -0.13459336
  0.06844503 -0.62003059  0.32079809 -0.54194162 -0.42518646 -0.55160045
  0.54327997 -0.37087149  0.06515668  0.24308523  0.35059891  0.37116213
 -0.29185118 -0.39165885  0.39409127 -0.61363285 -0.62508419 -0.38968827
  0.11870439  0.56950663  0.14239785  0.77829766  0.17930638 -0.43993476
 -0.19587377 -0.73468301  0.58711365 -0.31507764  0.70345156 -0.48575219
 -0.71891895 -0.36731188 -0.14498148  0.79699894  0.60842888  0.10779174
 -0.21770583  0.44959804 -0.6617392  -0.73362454  0.69283732 -0.30664025
  0.62703233  0.50651812  0.4456988  -0.15374169  0.28521609  0.14578855
  0.08236747 -0.27224866  0.3748878   0.45200929  0.0292954   0.26033052
  0.09511655 -0.80533486  0.87465631 -0.1360795   0.17949718 -0.48191465
  0.39358551 -0.4643811   0.35155321 -0.32191949 -0.24370542  0.37573411
 -0.70338999  0.62408529 -0.27004082  0.8917737   0.10445482 -0.55149958
 -0.47883247  0.39407881  0.11220832 -0.54947888  0.23712061  0.13959926
  0.17643746 -0.25445011  0.8836935   0.20360771  0.37215078  0.42098457
  0.50276819 -0.59934939 -0.33174031  0.21804861  0.71830376  0.07015179
  0.41066143  0.64508561 -0.89131886 -0.32124686 -0.30501083 -0.06300929
  0.48406818 -0.80520329  0.22474945  0.75942073 -0.06190867  0.88722434
  0.42279404 -0.19808432 -0.20285133  0.3666791   0.69913925  0.11715167
 -0.67051783 -0.31245516 -0.15900243 -0.13689915 -0.57518235  0.87557359
 -0.82826434  0.18304511 -0.93378065  0.41828391 -0.84595442  0.01597812
  0.02775591  0.01571959  0.85279289  0.03676958 -0.36290058 -0.62330155
 -0.15141564  0.91541651 -0.69018866 -0.76854411 -0.57918423  0.38917236
 -0.46886883  0.81850971 -0.8097555  -0.34179205  0.50549038 -0.05464109
  0.0267905   0.2701702   0.76504494 -0.83065965 -0.7547532   0.45010572
 -0.41880547  0.87012936 -0.62258829 -0.15764143  0.02578071 -0.176145
  0.7690449  -0.22755848 -0.04175766 -0.14966757  0.38694985  0.29038785
  0.81061236]