best: 74.00247387802509
 
 
[ 2.22078686e-01 -1.38142522e-01  1.81919164e-01  6.39994267e-02
  1.93370955e-01 -3.17582709e-01  5.11633026e-01  3.28120931e-01
  4.00638372e-01  5.15834178e-01 -4.18449153e-01  3.00999862e-02
  2.24094450e-01 -7.12317300e-02 -5.32395200e-01 -2.44740185e-01
  2.19803287e-01  4.51169655e-01 -7.67566987e-02  9.25288003e-02
 -2.23933968e-01  6.65521859e-02 -8.51125816e-02  3.57604024e-01
  5.72595192e-01 -5.26266470e-02 -5.08286507e-02 -2.75388206e-01
  1.37902463e-01 -4.62540487e-01  3.82702608e-01 -6.21666693e-01
  7.37709949e-02  4.47930291e-01 -2.17976571e-01 -3.95807433e-01
  4.51671703e-01 -4.07749160e-01  2.56378262e-01 -6.07358778e-02
 -3.53198812e-01 -1.27032914e-01 -2.43780905e-01 -3.10453110e-01
 -2.04026579e-01 -4.68868784e-01 -2.87771163e-01  3.82753425e-01
  3.29297533e-01 -2.13845259e-01 -4.05485157e-01  4.57828133e-02
 -4.44104001e-01 -2.94360725e-01  2.53252361e-01 -1.84899991e-01
  4.67541620e-01  4.63544133e-01  7.43344020e-02  3.17885646e-01
 -1.60351141e-01 -3.13819856e-02  7.78509250e-02 -2.49916408e-01
 -2.73846850e-01 -4.38955310e-01  1.80519038e-01 -2.95678438e-01
  6.88370718e-01 -9.99001066e-02  1.24549743e-01  2.46375914e-01
 -5.40439204e-01  4.54095159e-02 -2.78674478e-01 -1.83701830e-02
  6.21774259e-01  3.63926167e-01  2.36184626e-01  4.15865412e-01
 -4.21362978e-01  1.78706711e-01 -1.60514534e-01  3.65858138e-01
 -2.71540523e-01  6.49714844e-01  2.99638961e-01 -3.22698960e-01
  1.18858794e-01 -7.62653772e-02  3.12926961e-01  1.47399634e-01
 -5.01959636e-01 -9.51285802e-01  5.15586916e-02 -3.09041127e-02
 -1.61723832e-01 -2.76220471e-01 -6.91768397e-02 -1.08230335e-01
 -2.08400236e-01  5.80852495e-01 -3.53495321e-01  6.47912170e-01
  6.66910438e-01  6.34871356e-01 -2.49421713e-03  5.95241854e-02
  5.28504214e-02 -4.39473783e-01  1.05571267e-02  1.46720797e-01
  7.66009972e-02 -3.34564778e-01  4.47820533e-01 -2.46905075e-02
  7.54975653e-02 -3.54082115e-01 -2.09307300e-01 -2.43177449e-01
  3.39967319e-01 -4.08100694e-01  6.80491803e-02  4.57861613e-01
  5.23245431e-01 -1.46989489e-01  3.63730147e-02 -3.33158585e-01
  4.42640892e-01  4.40273982e-01 -5.85644346e-02 -4.38225200e-01
  6.16800507e-01  3.11310431e-01  3.86734260e-01  2.43228677e-01
 -2.51307388e-01  4.44605175e-02 -1.11179800e-01  2.04047906e-01
  8.69157868e-02  1.96233709e-01 -2.54503096e-01  4.18634866e-01
 -1.75901387e-01  4.82034465e-01 -2.59349965e-01 -4.24863549e-01
 -3.44855758e-01 -3.50309542e-01 -2.25088901e-01 -2.11049083e-01
  1.19059631e-02  1.59389444e-01 -1.08625354e-02  5.20306703e-01
  1.73272141e-01  3.08334214e-02  2.84140260e-01  8.74633393e-01
 -3.10181696e-01  1.65922950e-01 -2.56586854e-02 -3.41634270e-01
  3.98168012e-02  5.79796227e-01 -4.09900115e-01  2.59817533e-01
  7.78018021e-02 -2.93815308e-01 -7.84669579e-02 -4.48256241e-01
  4.21711943e-01  4.04045606e-01 -4.75081175e-01  2.44083084e-01
  3.13628821e-01  4.61604619e-01 -1.15725096e-01  2.01411017e-02
  4.33055683e-01 -1.97464864e-01  1.59780936e-01 -1.71214850e-01
 -5.14602787e-01  4.24047529e-01  5.65663490e-01  1.97393672e-01
 -5.04408134e-01  5.98809529e-01 -5.98458061e-01  1.05488451e-01
  1.81591877e-01  4.52981269e-01 -4.04493648e-01 -7.29766291e-02
  1.40448732e-02  5.29496131e-01  6.08331058e-01 -2.02249096e-01
 -2.27387823e-01  4.45167371e-01 -1.59929820e-01 -1.14827989e-01
 -2.76213856e-02  3.95040549e-01  3.20219991e-01 -4.56386180e-01
  4.69247692e-01  2.97900415e-01  8.61983654e-02 -1.18481961e-01
  1.05996232e-01 -4.81994701e-04  2.68803188e-01  1.15329542e-01
  3.22691615e-01 -4.94549962e-01 -3.62855159e-01 -7.62963389e-01
 -3.00132610e-01 -3.46927677e-01  4.93653113e-01  2.54141448e-01
  1.64534492e-01  4.74761732e-01  2.38533475e-01  2.70147058e-01
 -2.89235759e-02 -1.55667391e-01 -5.80020223e-01 -4.32087701e-01
 -2.65343272e-01  1.26445170e-01 -4.81452919e-01  4.85560764e-01
  5.93230885e-02  3.35770273e-01  3.15576014e-01  2.72854819e-01
  4.72430263e-01  5.79139838e-01  2.76373180e-01  9.65309950e-02
  3.15037189e-01 -4.65304942e-01 -1.74508511e-02 -4.89816208e-01
  4.37269372e-01  4.42025811e-01  4.60771016e-01 -3.02856516e-01
 -2.19346779e-01  4.53647473e-01 -3.44441836e-01 -1.09447186e-01
  5.00734634e-01  2.46187456e-01  5.53427582e-01  1.49919207e-01
 -2.67423143e-01  3.21634485e-01 -4.15891872e-01  1.27115780e-01
  9.39309902e-02]