best: 71.06397660660384
 
 
[-0.32069226 -0.29629162  0.46709998  0.04234956 -0.25671994  0.18565283
 -0.37542378  0.55621592  0.2460311  -0.19520988 -0.54321946  0.47068072
 -0.20029198 -0.68510795  0.47142095 -0.21207321 -0.02569981  0.29486997
 -0.30246819 -0.03082993 -0.01599162  0.23342245 -0.20184315 -0.49564452
 -0.00617711 -0.39055033 -0.26315165 -0.55797546  0.29229075  0.05846383
  0.23545696 -0.48282848  0.00193312 -0.17621691  0.19357878  0.04799015
 -0.40197995 -0.09168622 -0.20469295  0.05562507  0.41514306  0.32261083
 -0.41409652  0.18899678  0.73386458  0.32681204  0.28925833  0.41124655
 -0.45188598 -0.18881618  0.21984999  0.641388   -0.60147302 -0.25609742
  0.09903536 -0.15930278  0.45002645  0.02661717 -0.3039386  -0.04125205
 -0.07071314 -0.38075645  0.08895969  0.56949541  0.35234404  0.52283776
  0.45721272  0.30151433 -0.42211247  0.28542049  0.18967611  0.48079916
 -0.17787168  0.22844608  0.36484025  0.11722739 -0.14870992  0.06877888
 -0.56414579 -0.06151895  0.36527729  0.51620888  0.09453294 -0.10938436
  0.41397627  0.63194714  0.09095927 -0.43636232 -0.11545457  0.1445095
 -0.2446255   0.51285645 -0.22463279  0.61837109  0.23173148 -0.51349085
  0.04411316 -0.25902989 -0.20385576  0.25717628 -0.18294624 -0.22423258
  0.26502993 -0.18980954 -0.3714534  -0.012371    0.09944148  0.36346329
 -0.15224976 -0.13208344 -0.41494973  0.49592796  0.34420328 -0.25581662
 -0.07098546 -0.38807784 -0.1200915  -0.42648891  0.53235198 -0.69800973
 -0.2979695  -0.38588541 -0.01266209  0.28527602 -0.49348236  0.16675822
  0.11850916  0.32433822 -0.20674262 -0.24223284  0.27777661 -0.13558431
  0.17438261  0.46825365  0.30874445 -0.18571879  0.03233321 -0.30947004
  0.08628087 -0.37078734 -0.42672951  0.04708494  0.24135838 -0.36238911
  0.18108533  0.36749672  0.1027558  -0.32493674 -0.499455    0.03380951
  0.68931307 -0.34066345 -0.55142397 -0.12331683 -0.36240481  0.32025745
 -0.7120748  -0.03674933 -0.55356841 -0.07048879  0.28301753  0.12996659
 -0.72270963 -0.26875177 -0.28547386 -0.26367841 -0.36764536  0.45525634
  0.50115424  0.58653033  0.63283708 -0.2589414   0.34596903 -0.12926427
 -0.04522775 -0.32169466  0.14550326 -0.157614   -0.32386902  0.57166741
 -0.24592085 -0.34578015  0.27853551 -0.06985521  0.20411786 -0.34863849
  0.16688943 -0.11478829 -0.08956374 -0.44552506  0.25972482  0.36090152
  0.00534119  0.06583119  0.53943331 -0.13196476  0.60777562  0.03252069
  0.36087423 -0.45253239  0.62423344 -0.07328267  0.62254644 -0.15640678
 -0.44652583 -0.01223247 -0.45158066 -0.38556993  0.24476404 -0.38091372
 -0.40979823  0.4965696   0.28984799  0.52261541  0.17695681  0.15327494
  0.23250187 -0.09882861  0.51893054  0.39987033 -0.64137195 -0.76880791
  0.32233158 -0.08937281 -0.53929018 -0.26288927 -0.29129348 -0.04989819
 -0.02811085  0.42291157  0.46147211 -0.36893009 -0.37475188  0.54513038
 -0.16334592 -0.52280954  0.25581336 -0.26343467  0.51103938  0.26799398
 -0.15835507  0.20632123  0.63718036  0.69572484 -0.0319479   0.60343074
 -0.25578337  0.21782707  0.46514727 -0.12090377 -0.42906147  0.33389002
 -0.07579509  0.21919731 -0.34815174 -0.51424874 -0.5791318  -0.64439568
  0.5096446   0.14082425 -0.200307   -0.26544107  0.54080392 -0.42917279
  0.44268087]