best: 86.67088138667165
 
 
[ 2.57709935e-01  1.70000202e-02  1.27714349e-01  5.17559028e-01
 -2.66038019e-01  2.38864793e-01  6.54370904e-01 -3.90396908e-01
  4.45748028e-01 -5.99063078e-02  3.89361243e-01  5.35719330e-02
  4.49222611e-01 -6.52572583e-01 -2.53658185e-01  4.30422238e-01
 -2.45014413e-01  2.57200107e-01 -6.72688715e-01 -7.08108953e-01
 -6.99375543e-01 -2.99562143e-01 -2.27103773e-01 -1.20803809e-01
  2.63126516e-01  1.79978815e-02 -3.79714589e-01 -3.16151361e-01
 -3.31792395e-01 -3.49440063e-01 -2.34370973e-01  5.07693903e-01
  3.55048178e-02 -6.95486948e-01  5.19280643e-01 -4.55348874e-01
  2.23664011e-01 -2.04669805e-01  4.76680814e-01  4.20545256e-01
 -4.11731080e-01 -1.80643683e-01  3.81126180e-01 -3.26851613e-01
 -3.06419778e-01 -2.71939908e-01  1.88340302e-02  1.50646118e-01
  2.45425749e-01  3.60390802e-01 -1.69990868e-01 -3.24741943e-01
  7.60500461e-02 -4.64665621e-01 -3.37472724e-01 -3.31371667e-01
 -1.53518688e-01  3.45401090e-01 -7.39971196e-01  9.03381159e-02
 -2.88068877e-01  2.54133744e-01 -2.30474809e-01 -3.53190419e-01
 -4.74615071e-01  1.03914641e-01  4.01916552e-01 -2.30308282e-01
  2.38282967e-01 -2.16065750e-03  1.11711578e-01  2.76533765e-02
  6.48586605e-01  4.10788731e-01  2.74200667e-01  2.42308858e-02
  4.70444963e-01 -1.11458745e-01 -2.38016306e-01  2.26887748e-01
 -4.37019890e-01  1.44888310e-01  2.08529829e-01  2.91797626e-01
 -1.12606153e-01  1.83296446e-01 -3.81771001e-01 -5.14326388e-01
 -5.26537060e-01 -1.92666846e-01  7.25941037e-02 -3.64675239e-01
 -2.45803340e-01 -6.82668223e-02  3.49827487e-01 -5.71676102e-01
  4.38349640e-01  2.36941992e-01 -3.88162798e-01  6.82831227e-01
  1.45732283e-01  7.90907794e-02 -3.38788021e-03 -5.13732609e-02
  2.14132091e-01 -2.26803895e-02 -5.70427492e-02  1.38155243e-03
 -3.71674013e-01  2.02646634e-01  5.00009381e-01 -3.87290362e-01
  4.86366686e-01  3.87702601e-01 -1.44434011e-01 -5.15071581e-01
 -2.64433059e-01  2.36614384e-01  2.33633396e-01  4.09098556e-01
 -6.53468026e-01  2.09990643e-01  2.88069472e-01 -1.97166364e-01
  8.13824649e-02  3.47038348e-01 -2.44881830e-01 -1.90305679e-01
 -1.70329781e-01  2.67534085e-01 -3.81104893e-01  3.27667687e-01
 -3.88832334e-02 -1.15575364e-04  8.14922978e-02 -1.32233091e-01
 -4.81558656e-02  8.65484754e-02  1.73075766e-01 -6.53210124e-01
  4.27153070e-01 -4.60981858e-01 -4.13458764e-01 -3.26918695e-01
  1.48561840e-01  2.84691909e-02 -7.07127539e-02 -3.90501390e-01
  5.51441105e-02 -5.03340584e-02  4.40392661e-01 -2.72212023e-01
  2.75566620e-03 -2.13473170e-01  1.14347428e-01 -6.56086236e-01
  2.69539861e-01  4.13767434e-01  3.10580688e-01 -1.44600820e-01
  1.65486323e-01  4.17497292e-01  9.30956440e-02  3.13316583e-02
 -6.16237763e-02  6.42364094e-01  3.94383867e-01  5.93757359e-01
  3.43653350e-01  2.56131709e-01 -2.37583488e-01  3.78897707e-01
  2.04231023e-01 -5.99249980e-01 -1.37098868e-01 -1.72825579e-01
 -6.76756639e-02  5.11187910e-01 -5.54324812e-01  3.12346557e-01
 -2.95841191e-01  4.96450438e-01 -1.02141253e-01  3.14565892e-01
  2.70580288e-01 -7.26545753e-02 -6.89741337e-01 -3.84897112e-01
  1.36493457e-01 -1.24639283e-01 -1.35200190e-01 -2.95970761e-01
 -4.66861359e-01  4.97179987e-02  1.85021179e-01  1.01132049e-01
  5.72475435e-01  4.96420957e-01 -6.70193897e-01  3.58196290e-01
  6.38008025e-02 -2.71212942e-01  1.23176037e-01 -2.35807160e-02
 -4.61622710e-01  1.74244414e-01  4.76720107e-01  1.94246034e-01
  1.96110880e-03 -3.22928555e-01  4.19763393e-01  2.04404464e-01
 -2.94523512e-01  5.27559956e-01 -7.32684038e-02  5.72765424e-01
  7.66119429e-02  2.90728425e-01  2.22582514e-01  5.95348700e-01
 -2.51192998e-02  2.36490533e-01  4.16821443e-01  2.99484476e-01
  3.34922736e-01 -1.58444456e-01 -3.80268606e-01 -1.24888080e-01
  2.52006054e-01  7.15775493e-01  1.04936236e-01  3.86620985e-02
  7.66170742e-03  1.19335116e-01 -1.57363208e-01 -4.88798767e-01
 -4.38991233e-02  8.90197747e-02 -3.92201221e-01  6.84723335e-04
  4.42893588e-01 -5.60565050e-01 -1.16731254e-02 -3.81727725e-01
  3.77867903e-02  1.43482880e-01 -4.19737796e-01 -5.55199522e-01
  3.13604634e-01 -4.82590984e-02 -3.65842790e-01  4.39606600e-01
  2.39140990e-01 -2.35684051e-01  4.43830668e-01 -4.36139829e-01
  5.18715641e-01  9.64654442e-02  3.50100916e-01 -2.20879628e-01
 -4.90704827e-01  4.69039305e-01  1.10537579e-01  9.36610332e-02
 -2.83547432e-01]