best: 71.0346711267805
 
 
[-0.06048729 -0.63022036  0.13069312  0.05196893 -0.57824199 -0.74049878
 -0.43600095 -0.01092971  0.35364654 -0.22690934 -0.62481967  0.29940808
  0.00390096 -0.01987916  0.62670182  0.33080622 -0.0785365  -0.5155089
  0.56121863  0.08794832 -0.19975088  0.09118171  0.00520015 -0.10129259
 -0.36826617 -0.27143814  0.10798659 -0.17775252  0.55035302  0.13038875
 -0.58452578 -0.43052349 -0.30442086  0.06692573  0.17191648  0.1776141
  0.35881764 -0.21305017 -0.37708787 -0.10348859  0.25102179 -0.27791923
 -0.07985087  0.0024086  -0.44430704 -0.42390188  0.54692095  0.62426888
  0.11833774  0.47294827  0.07350456  0.40790099 -0.54138521 -0.32899735
 -0.43184818 -0.08778599 -0.12911463  0.46810411  0.18809638  0.39009923
  0.81879904  0.46130582 -0.35928048 -0.24185724 -0.53851577 -0.72911224
  0.5056      0.0748275  -0.08493969  0.15013077  0.15565798 -0.15950343
 -0.05198411  0.49579887  0.38798702 -0.44713062  0.44559371 -0.38560365
 -0.25064584  0.15858026 -0.07579795 -0.05355916 -0.40783427  0.51506944
  0.636781   -0.63323531 -0.13978362  0.23236883 -0.72207747 -0.62132794
 -0.48823115 -0.66234726 -0.17246557  0.15515892 -0.0137526   0.57606424
  0.40702063  0.16476202  0.71772474  0.69231212  0.61677569  0.56434336
  0.23415588  0.1322577  -0.34958195  0.21447109  0.34760164  0.85121983
  0.03456002  0.64466894  0.50622298  0.07642538 -0.00548597  0.32966976
 -0.09989285 -0.21219718  0.68237735 -0.38603403  0.17164027 -0.5580581
  0.29840003  0.19646509 -0.2064718  -0.32478022 -0.57869806 -0.34327383
 -0.32478808  0.59523258 -0.1877016   0.4815129  -0.49118558  0.11246999
  0.50084084 -0.14229905  0.50519391  0.15517743 -0.56871781  0.32177951
  0.66784038 -0.05703122 -0.2245968   0.17306717 -0.44617758 -0.73263996
 -0.28809309  0.71367613 -0.53422126 -0.15308556 -0.24980882  0.47577352
 -0.40854014  0.65761641  0.03220147  0.28668635  0.04924623  0.66344891
 -0.50069258 -0.5970263  -0.47469448 -0.57230369  0.3571328  -0.7820449
  0.01909921 -0.26683905 -0.71541343 -0.49528364  0.27881576  0.3002012
  0.55825228 -0.53481651 -0.59710026 -0.67824758 -0.50861196  0.26576417
 -0.41545857 -0.14993852  0.30702434  0.46293316  0.10059309 -0.58596693
  0.48505309 -0.52192492 -0.19015274  0.08517436 -0.75453946  0.23916479
 -0.11569321 -0.15933763 -0.56363569  0.30199769 -0.41197446 -0.02379427
  0.02876148 -0.10977992  0.08648836  0.2479583  -0.49550618 -0.49824968
 -0.72424597  0.40253834 -0.14547295  0.06644397 -0.34808858  0.20522499
 -0.17989064 -0.50757687  0.4027624   0.34723705 -0.7542672  -0.20540938
 -0.48047609 -0.05678611  0.30856194  0.1865302   0.07991577 -0.41219114
  0.29678862  0.37671366 -0.20299285 -0.31278674 -0.29188503 -0.73024822
  0.26602411  0.29378901  0.07769817  0.45349128 -0.68974521  0.04144724
  0.21975467 -0.24545827 -0.33358017 -0.12145237  0.30617783  0.26942133
  0.6111752   0.10540028 -0.333254    0.08698203  0.74733325  0.23265909
  0.37475902 -0.00397693 -0.41956053 -0.58901085  0.64787195 -0.77059194
  0.6151269  -0.5680779  -0.21798239  0.1392287  -0.52063958 -0.50054514
  0.27471729  0.04956289  0.29938822 -0.35413029  0.5502851  -0.1666324
 -0.01617843 -0.63773113  0.01978068 -0.0336819  -0.1897423  -0.03812281
 -0.23003298]