best: 63.50542278269736
 
 
[ 0.20458579  0.31178588 -0.15801826 -0.72376767  0.30350587  0.12654101
  0.67158558 -0.61638588 -0.69716994  0.0010099  -0.6055169  -0.15851944
  0.08667535  0.33022969  0.57616941 -0.63839096 -0.33265841  0.35646407
  0.29300667 -0.26499446 -0.45785435 -0.54221088  0.0691623  -0.10629161
  0.16707586  0.72364905  0.17322793 -0.05717147 -0.23843546  0.49868064
  0.15223826 -0.66676751 -0.33793879  0.58973213 -0.36741884 -0.30271843
  0.75608968  0.08583071 -0.73912755  0.69283545 -0.56032141  0.136897
  0.60769102  0.40523949  0.49652479 -0.45162361 -0.40276419  0.1780009
  0.27277236 -0.39544356  0.44884477  0.54444765  0.33952672  0.3467597
 -0.16882194  0.39470199 -0.10573664  0.12828466 -0.56365636  0.07486154
 -0.50245019 -0.43460176 -0.50087633 -0.16041164 -0.083141   -0.67439878
  0.70202299  0.46504523  0.12998172 -0.02543534  0.2882498   0.26233799
 -0.40800587  0.19620506  0.38019271 -0.60138984 -0.64999395  0.52671679
 -0.19806398 -0.30871367  0.02637446 -0.15280762 -0.08865417 -0.5704159
  0.69660229  0.524246    0.47982043  0.51959425  0.27194069 -0.54776437
  0.67139603 -0.0750393  -0.3518864  -0.28295149 -0.02017322  0.57809778
 -0.34798948 -0.17300103  0.68613363 -0.00112019 -0.54028453 -0.59345925
  0.50413363  0.38794886 -0.53757478  0.63058107 -0.02606915  0.14469806
 -0.08498763 -0.10672697  0.52260794 -0.13140565  0.38889462 -0.541118
  0.17755904 -0.60682929 -0.46998085  0.30110906 -0.83477167 -0.66874057
  0.41047863 -0.27444389 -0.81481644 -0.28986195  0.46734728  0.15985137
 -0.6519314  -0.21030744  0.39407388 -0.51151334 -0.63259036 -0.54441117
  0.34666659  0.44926245  0.10794901 -0.49128042  0.16413489  0.39453396
 -0.00918821  0.41478821 -0.45754044  0.12476593  0.60964209 -0.55253706
  0.63769924 -0.61048926 -0.29698423  0.10099319  0.29223616  0.13887867
 -0.70633116 -0.53342906 -0.18023894  0.41566387 -0.37463957 -0.16035889
 -0.41016607  0.09439791  0.49651136 -0.48958435 -0.3486639  -0.01469404
  0.44860277 -0.28989984  0.63671806  0.2095257   0.12848854 -0.72041783
  0.62406544  0.53066128 -0.26643523  0.47083816 -0.10056715 -0.21930643
  0.36534589  0.65908851 -0.67495533  0.02559565  0.12092766 -0.02050655
 -0.34454197 -0.12806527  0.40900675 -0.41952488  0.78613207  0.1180974
 -0.75505662  0.35052964  0.67588391  0.12969177 -0.31610971 -0.34885768
 -0.69525354 -0.45566633 -0.27725416  0.34799947 -0.50745177  0.59089926
  0.31106951  0.4409302  -0.4925307  -0.49013865 -0.57617942  0.35948969
 -0.64021371 -0.4106737   0.27713259  0.65750063  0.4477688  -0.04743352
 -0.19414617 -0.5593408   0.17215692  0.65878697  0.6086388   0.29499879
 -0.08646342  0.06356121  0.00118153 -0.04127525 -0.61734459 -0.36977944
 -0.48467408 -0.79029992  0.4010265   0.83963016 -0.04738264 -0.11047544
  0.30197675  0.33553823 -0.7283708   0.27647787  0.0678707   0.01899129
 -0.3839123   0.38745764 -0.10358417 -0.45765973  0.21097556 -0.20873673
  0.46274415 -0.13902157  0.83782382  0.55164211 -0.40476958 -0.18841317
 -0.35338353 -0.41581443 -0.12756472  0.21366362 -0.38029654  0.47968514
 -0.5462229  -0.063368    0.42858873 -0.31968837  0.39741254 -0.23758264
 -0.37898228  0.61503193 -0.28678064  0.30049377  0.20838256 -0.24016907
  0.64810025]