best: 71.05055467481704
 
 
[ 0.67661777 -0.46485129 -0.36228756  0.42779231 -0.23665869 -0.08182229
  0.56644121 -0.05719232 -0.53438398  0.43745187  0.31151123 -0.58075094
 -0.17904388  0.53146373 -0.20773813  0.30001294  0.60289762 -0.51464094
  0.55735962  0.3949102   0.14840221  0.64632552 -0.15165589 -0.12149721
  0.65640904 -0.72365822 -0.17244496  0.7431826   0.75559268 -0.33273167
  0.0476702  -0.28437759  0.29285102 -0.26470836 -0.02593712 -0.04193261
  0.46856272 -0.78896695 -0.83341887 -0.82616752 -0.07730768  0.49917631
 -0.52379678 -0.28148817  0.78638324 -0.58727669 -1.         -0.28172697
  0.78839471 -0.0667219  -0.57905225 -0.15882295 -0.51863198 -0.74954256
  0.64672528  0.79691829  0.68511264 -0.29486548 -0.2615591   0.42483502
 -0.16917766 -0.28531816  0.65492853  0.77415187 -0.50988328 -0.60623191
 -0.76849722  0.29196661  0.48170164  0.37481522  0.77827042 -0.00154898
  0.53679077 -0.57960969 -0.27386452  0.02246795  0.67781354  0.15494081
  0.16897139 -0.12014116  0.71146196 -0.44517556  0.10253966 -0.11178396
  0.71177017 -0.15495487  0.46331194  0.3056014  -0.87390867  0.82707667
 -0.6375956   0.18952283  0.02937764  0.63281537  0.70758371  0.00171602
 -0.58569038 -0.7489424   0.57861121 -0.36075543 -0.03409741  0.31388763
  0.22151193 -0.3267061  -0.05923861 -0.06579713  0.53531379  0.54458358
 -0.13737664  0.57465517 -0.27425235 -0.29478779 -0.70287083  0.1070523
 -0.65455857 -0.06985096 -0.15322482 -0.43591913 -0.07319667  0.72453512
  0.68587068 -0.14042879  0.22157818 -0.26740261  0.72695339  0.63466918
 -0.28789459  0.24986893  0.70836966 -0.29260544 -0.27848373 -0.42341643
 -0.71769107 -0.42969766  0.20792886  0.35553958 -0.53104474 -0.05543825
 -0.24324908 -0.25009649  0.11447571  0.5987961  -0.65485892  0.04031597
  0.4207223   0.63792931 -0.28238972 -0.66218239 -0.72265473  0.40648448
  0.1872657   0.58254775  0.30975662 -0.43226662  0.33611559  0.45181183
 -0.66027694 -0.27097222  0.28376864  0.22257486 -0.80778002 -0.31070889
 -0.25292357 -0.35096703  0.07524948  0.73970035  0.25843781 -0.31791449
 -0.474205   -0.78620308 -0.04105696 -0.73818067 -0.0362554   0.54280467
 -0.69768722 -0.59031251 -0.24889549 -0.06152345  0.32810307 -0.4568302
  0.47175869 -0.19585414 -0.1241707   0.7299017  -0.71233099  0.55998343
 -0.3961274   0.12966671  0.49197462  0.70978966  0.06607935  0.05958663
  0.14319835 -0.79991521  0.25227107  0.3977389  -0.39390258 -0.40595518
  0.56638708 -0.47644265  0.59483618 -0.62406956 -0.62279704  0.83449116
 -0.71779866  0.18599695  0.10032371 -0.01878045  0.29093271  0.49014036
  0.43790338  0.7183352  -0.22507184  0.75417325 -0.44081695 -0.31512306
 -0.01824744 -0.26454083  0.27450191  0.38456929  0.22667935 -0.76755867
 -0.29226397 -0.72319564  0.64571514  0.63805527 -0.11236639 -0.27163893
 -0.53155324 -0.54121215 -0.39946377 -0.63336166  0.22532321  0.58980618
  0.66043625  0.37541941 -0.2238303   0.28031555  0.65621071  0.3696298
 -0.26331811 -0.6548225   0.74297877  0.0728037   0.66773927 -0.80867838
 -0.58959358  0.04834486 -0.16553529  0.44465427 -0.43675205 -0.08118994
  0.5172736   0.41511932  0.46610237 -0.30162485  0.40414548  0.67890981
 -0.18582223 -0.37925738 -0.24505303  0.58002791 -0.44471462  0.18118591
  0.35352508]