best: 57.12215355720228
 
 
[-6.18916349e-01 -5.16535088e-01  5.52154554e-01 -4.09961605e-02
  1.77015782e-01  3.89857374e-01 -5.79767321e-01  5.52588583e-01
  5.74040893e-01 -5.48266841e-01  2.96205704e-01  5.24954107e-01
  3.28465132e-01 -4.28687404e-01 -2.67534237e-01  6.61547527e-01
  2.77137831e-01  2.32432551e-01 -2.10148872e-02 -8.17716906e-01
 -4.35878883e-01  2.36514251e-02 -6.03443272e-01 -2.36514244e-01
 -1.70694603e-01  5.07059759e-01  3.72747483e-01  4.91511223e-01
 -6.03015994e-01 -4.30049977e-01 -6.71581489e-02  1.00543182e-02
 -1.43997141e-01  2.15085743e-01  3.17704501e-01  1.85537727e-02
  1.29544334e-01  1.42730646e-01  4.86457396e-01 -6.51124155e-02
 -1.86659069e-01 -2.13569187e-01 -2.29605974e-01  1.60699804e-01
  4.80409052e-01  3.62976421e-01  2.14796655e-01 -6.23696997e-01
 -2.35039360e-02 -5.79626308e-01 -3.78927479e-01 -4.85871141e-01
 -5.12247186e-01  4.78237198e-01  3.21551284e-01 -4.06994004e-01
  1.84990903e-01 -2.68194254e-01  5.14639406e-01  1.35324574e-01
 -6.23791289e-01  1.14701699e-02 -1.82552564e-01 -2.77595556e-01
  4.46867871e-01 -7.92660957e-01  3.83707991e-01  6.99370762e-01
  4.46048179e-01  7.17363828e-01 -5.39155113e-01 -3.62506991e-01
 -2.81927831e-01  1.99099131e-01  5.27190784e-01 -5.30443751e-01
  4.39501589e-01  5.21222279e-01 -4.56545562e-01 -5.21367621e-01
 -1.06429081e-01  4.45089548e-01  2.40407938e-01  2.64412053e-01
  6.12189323e-01  4.09661002e-01  4.36268483e-01 -7.52950213e-01
  5.71066497e-01 -4.30429784e-01  6.94013850e-01 -2.64711181e-01
  3.12886506e-01  9.75874796e-02  1.88139822e-01  8.97916483e-02
 -6.96351238e-01 -5.15373591e-01 -1.90423261e-01  6.78040588e-01
  7.74939164e-02 -1.64060370e-01 -7.17044315e-01 -6.03155111e-01
  7.25599401e-01 -3.34705451e-01 -7.00129217e-01  3.63363103e-01
 -4.78092735e-01 -6.65849207e-01  8.71854526e-02  3.75255648e-01
  8.20085189e-01  7.66594395e-01 -7.77737722e-02  6.12625068e-01
 -7.06385880e-01  3.39621685e-01 -4.42021955e-01 -3.19685054e-01
  1.39296253e-01  7.10110333e-01 -5.57323516e-01  6.05049216e-01
 -4.37703535e-01 -8.36159103e-01 -4.32502113e-01  4.36425075e-01
  5.66064601e-01  2.68453168e-01  4.66472715e-01 -7.06362525e-01
  7.13582581e-02  6.54546457e-01 -6.39528045e-01  1.37165327e-01
 -1.57886002e-01  1.88204416e-01  2.06940539e-01  4.68390373e-01
 -6.76009596e-01  6.49310510e-02 -6.34044143e-01  1.47037384e-01
 -3.33335262e-01  2.26495121e-01 -6.25054772e-02  1.68816319e-01
 -1.59388624e-01 -2.34204794e-01  5.46234975e-01  9.47964026e-02
 -5.73404657e-01 -6.08712638e-01  9.57249849e-01 -9.18330278e-02
  3.83830568e-01 -2.49203396e-01  4.54861051e-02  4.15178554e-01
  5.05852288e-01 -5.75231488e-01  4.28285680e-01 -6.01411460e-01
  5.22679515e-01  8.13760303e-01 -6.54197746e-02 -7.68573502e-01
 -6.31545290e-01  2.42347624e-01 -3.61855926e-01 -7.26588852e-01
 -6.83341176e-01  1.62248306e-01 -1.77104435e-01 -5.69344318e-01
  3.63207571e-01 -8.31218309e-02  8.33443625e-01 -4.53496559e-01
  1.19149738e-02  1.77127319e-01  1.06420581e-01  6.23499010e-01
  1.94473388e-01 -3.27225556e-01  1.77818388e-01 -3.35433351e-01
 -3.44913943e-01 -4.90430203e-01 -6.12467314e-01 -2.38225389e-01
  9.61259054e-02 -6.60337260e-01  5.47358143e-01 -3.26198631e-01
 -8.17118382e-01 -2.34698439e-01  5.42181779e-01  1.13181884e-01
 -4.42644800e-01 -6.47382648e-01 -5.06829754e-01  8.22079361e-01
  5.22816840e-01  2.26085821e-02  4.50318426e-01 -1.22812118e-01
  3.59972051e-01  2.90786277e-01 -6.32613051e-01  1.50049922e-01
  4.58372636e-01  1.77933201e-01  6.78792059e-01  1.99801495e-01
 -6.45567894e-01 -3.42903335e-01  6.42090575e-01 -4.08693592e-01
  7.11681027e-01 -6.68772838e-01  7.22819659e-02  8.34086171e-01
  1.17743008e-01  1.43038760e-01 -2.12936571e-01  1.56916645e-01
  6.48777623e-01 -2.23192607e-01  4.05368913e-01  2.03819567e-01
 -4.04862559e-01  5.25403470e-01  8.43105449e-01 -3.57501081e-01
 -2.74480897e-01 -5.58453598e-01  7.50990920e-02 -8.11781103e-01
 -4.04618189e-01  7.41495172e-01  5.71204480e-01 -1.92890462e-01
 -3.55508967e-01 -1.35175370e-01 -2.83481719e-01  6.90642906e-01
 -7.89170038e-01 -7.24483158e-01 -3.01622136e-01 -4.54998121e-05
  3.01989804e-01  2.46069231e-01  3.65704880e-01 -7.11516601e-01
 -2.19127905e-01  7.12157604e-02  8.43390673e-01  4.44307139e-01
 -9.47160442e-02  3.94688083e-01  5.29983545e-01 -8.78932608e-02
 -1.11374652e-01]