best: 28.279918420137207
 
 
[-3.15518888e-01 -2.19550737e-01  1.86834264e-01 -2.17777713e-02
 -3.90449813e-02  2.03820023e-02 -4.88791783e-02  2.37305043e-01
 -2.67663785e-02  9.33251353e-02  9.95216030e-02 -1.51997464e-01
  2.58402638e-01 -1.20848539e-01  1.30524451e-01  1.22881438e-01
 -1.61394429e-01 -4.01348325e-01  4.92227414e-02  7.60970111e-02
 -2.10340985e-01  1.44971930e-01  4.36796527e-01  8.81776371e-02
 -1.94842042e-01 -1.49783237e-01  1.02472514e-01  5.46758598e-02
 -2.88295590e-01 -1.79359458e-01  1.38787443e-01  1.64587979e-01
  1.03219180e-02 -8.61397088e-02 -3.56165733e-01  3.07818666e-01
 -2.27558639e-01  1.98426492e-02  2.26628879e-01  9.68355085e-03
 -3.76508774e-02 -6.13636671e-02 -3.76745881e-02  2.70955854e-01
 -2.64990202e-01  2.94557113e-01  2.20339515e-01 -2.03049994e-02
 -1.34585928e-01  3.17987270e-01 -1.54279246e-01  2.58828202e-01
 -1.81046970e-01 -1.63459757e-01 -1.72667827e-01 -2.43966627e-02
  2.96959114e-01  1.68084535e-01 -6.96382496e-02  3.58461430e-02
  2.89296715e-01  3.42075381e-02  7.20196439e-02  1.92513662e-01
 -1.83745819e-01  1.89212156e-01 -1.80665186e-01  2.68375215e-02
 -2.16650864e-01 -2.91725644e-02  4.38670714e-01 -1.14270996e-02
  1.16686910e-01  4.68940395e-01  1.15303914e-01 -1.02945837e-01
 -1.46567709e-01  9.99473967e-02 -4.22351914e-01  3.03119447e-01
 -2.97709926e-01  6.36113938e-02 -2.71716329e-01  2.67927087e-01
  5.08952513e-02 -3.94781560e-01  4.41315532e-01  1.49222065e-01
  3.47088761e-02  3.47217782e-01  9.64901629e-02 -2.81326917e-01
 -1.53232253e-01  3.62523525e-01 -2.59754624e-01  2.28943941e-01
 -7.14578921e-02  1.95110575e-01 -1.35191938e-01 -9.72395749e-02
  3.29873283e-01 -3.18775077e-02 -3.06263316e-01  8.56104465e-02
 -1.10476014e-02 -1.07296950e-01  2.43721107e-01 -3.63826331e-02
  3.46814683e-01  1.32460450e-01  5.08849542e-02  2.85239627e-02
  8.14862259e-02  9.25931617e-02  3.21927944e-01 -3.19154521e-01
  1.52826747e-01  8.23312182e-02 -3.28820234e-02  2.43346104e-01
  2.58599368e-02  3.40307892e-02  1.07212396e-01  5.16339400e-01
 -3.47299571e-01 -9.99213839e-03 -4.24650475e-02 -2.12742829e-01
  2.84355822e-02  3.79748998e-02  2.11265698e-01  7.09974239e-02
  3.89907503e-01  3.07700212e-02 -1.35415995e-01  2.37379082e-01
  4.05925223e-02 -9.76176860e-02  1.14677708e-01 -1.44295318e-01
 -5.19165808e-01  1.48083375e-02 -1.56913385e-01  9.78931393e-02
  2.94742090e-01 -2.81924821e-02  1.16604844e-01 -2.58645397e-02
 -2.52921731e-02 -6.48682996e-02 -1.01514585e-01  1.00199324e-01
 -2.76793660e-01  2.28166970e-01  3.25814392e-02  2.23072282e-01
 -3.12755077e-01 -2.00171455e-01  2.47611725e-01  6.92082745e-02
  2.57488308e-01 -2.93337520e-01 -3.51425016e-01  2.10848640e-01
  1.73748057e-01  1.84852232e-01 -3.38860710e-01  9.98556067e-02
  1.18859555e-01 -5.25719160e-02 -1.69376264e-01 -3.47903011e-04
  1.73490806e-01 -4.62508790e-02 -2.05861180e-01 -3.51629956e-02
 -1.00223979e-01  1.91690605e-01  5.41073278e-02  2.78331756e-01
 -3.63485595e-01  1.75039615e-01 -1.44981116e-01  2.70343278e-01
  2.55915929e-01  9.48714565e-02  7.53559097e-02 -1.70942875e-01
  4.21916863e-02  3.02429814e-01 -2.10189615e-01 -1.30304330e-01
  2.96085975e-01 -1.37836575e-01  1.43777532e-02  9.38825284e-02
 -2.15545958e-01  3.09361761e-01  6.91057872e-02 -6.56847785e-02
  1.66615347e-01  3.69868298e-02  6.73496904e-02  9.02700721e-02
  2.62504224e-01  3.85717783e-02  1.93298724e-01  3.00059455e-01
  1.95479634e-01 -4.46828829e-01 -4.89908210e-01 -1.07911732e-01
  1.84016222e-01  1.47645513e-01  4.19137371e-01  1.56511464e-01
  1.81524643e-01 -7.09303712e-01  4.09272236e-01  4.69222373e-01
 -1.12185697e-01 -1.17072387e-01  2.29205099e-01  1.05410150e-01
 -1.78586223e-01 -4.17449382e-02 -1.33045776e-01 -4.39107082e-01
  2.95993517e-01  1.59422660e-01 -5.60830464e-02 -8.40557797e-02
  2.39092641e-01 -1.53984727e-01  4.28233497e-01  2.99673514e-02
  1.00636354e-01 -3.54560876e-01  4.08635982e-01  5.09799103e-01
 -5.91649888e-02  3.60390089e-02 -7.92613107e-04  2.87774019e-01
 -9.40307189e-02 -2.57610356e-01 -1.88247208e-01  2.36733766e-01
 -8.84968291e-02  5.70043031e-02  3.35681720e-02 -2.66503055e-01
  1.56116103e-01 -8.62332510e-02  2.78899736e-01 -2.64760131e-01
  2.83842856e-01 -6.81410924e-02  5.76848790e-02  2.61041961e-01
 -2.95404234e-01 -5.94420747e-02  3.82918936e-03 -2.02777587e-01
  2.24997530e-01]