best: 87.92068267169016
 
 
[ 0.26712991 -0.01684818 -0.57461402 -0.24866717 -0.15269709  0.29443851
  0.30332508  0.44888681 -0.00716975 -0.14521955  0.15112377 -0.32482595
 -0.33921097  0.32887533 -0.45312086 -0.31406472 -0.16767077 -0.07935579
 -0.16723663  0.4042663  -0.56054936 -0.47139238 -0.10797512 -0.49818729
  0.22009009  0.08130085  0.19193625 -0.22302526 -0.12193952  0.2323983
  0.60045438 -0.05884713  0.2624267   0.45414344 -0.03980115  0.50270533
 -0.23987686  0.53053648  0.28637208 -0.32712165  0.12759503 -0.29564729
 -0.07874313 -0.08127127  0.02867464 -0.11060171 -0.52249381 -0.38839642
 -0.54055869 -0.46103875 -0.23787498 -0.41047947  0.24058742 -0.55744017
 -0.02591852 -0.22709721 -0.05591043 -0.2533087  -0.22472309 -0.6049868
  0.22009314  0.21567826  0.28527081  0.45164375 -0.13682792 -0.42381434
 -0.16864856 -0.47702746  0.05857721 -0.32820696  0.19126901  0.49194322
 -0.29033996  0.32470711  0.15988974  0.05565203 -0.10659696 -0.27833599
 -0.10253652 -0.33692652 -0.43213129  0.12034445  0.02694458  0.35548017
  0.40329167  0.41536261  0.4420114   0.56223843  0.28729783  0.01173935
  0.16362143 -0.11165904 -0.47458683 -0.14290933  0.55422426 -0.36686425
 -0.58078293  0.05376417  0.04576807 -0.30221634  0.221945   -0.06465138
 -0.2907487   0.54885498  0.17849752  0.22571441 -0.44078709 -0.11524266
 -0.44892847 -0.01552593 -0.56522402  0.34944822 -0.06173842 -0.46518907
  0.20091673  0.18962834  0.60530481  0.4975577   0.08381496 -0.14276869
 -0.52487738 -0.53562399  0.0045854  -0.66136593 -0.47544255  0.04153994
 -0.44438889  0.12780785 -0.32227243  0.17924876 -0.18880639  0.27956375
 -0.65559021 -0.07729602  0.15156772 -0.23889172 -0.47679443 -0.0217642
  0.13521707 -0.17225053  0.34546656 -0.07718776 -0.30002606 -0.18977431
  0.14797849 -0.42834566 -0.27749368 -0.2416144  -0.13932242 -0.46164848
  0.2476422  -0.09648497  0.58988891 -0.23324716 -0.25963769  0.07954847
 -0.03392851 -0.31793411  0.1057983   0.31020707  0.24643395 -0.14592231
  0.28797952 -0.39636644  0.24331424 -0.43484792 -0.2816388  -0.071881
 -0.26118805  0.1776709   0.3041315  -0.099368    0.2423286   0.45245632
  0.2299623  -0.36235244  0.10528042 -0.38279626  0.21286402  0.26677259
  0.12206835 -0.12632574 -0.42569718  0.22889661  0.00695225  0.02059618
  0.00548052  0.02604977  0.32771295  0.4610673   0.48698744  0.50187499
  0.08027876 -0.12639204  0.35220612  0.41349163 -0.00236575 -0.33881245
  0.34374628  0.03612873  0.44239178 -0.21713881  0.21578543 -0.25487116
 -0.22373486 -0.27728364 -0.1397957  -0.04936442  0.09797731  0.42362518
  0.1350628   0.04346454 -0.37438755  0.47274655  0.30621858 -0.24476087
  0.06911297  0.52024377  0.18345962 -0.20256795  0.1826774  -0.09578717
 -0.20869597  0.19508311 -0.21261575 -0.33148004  0.26260153  0.13360089
  0.49266874  0.43367488  0.28246534  0.10476323 -0.4371741  -0.50972574
  0.58436425 -0.18489292  0.62777221 -0.33972803  0.31123637  0.33196932
 -0.4195675   0.20274947 -0.17987148 -0.02681191 -0.56696653  0.38852311
  0.37446864  0.1566134   0.37345597 -0.11608116  0.69946271  0.280191
  0.20877971 -0.63713802  0.12546596 -0.24736774  0.25762492  0.31677802
 -0.21499695 -0.22705946 -0.24304365  0.25246217  0.50311383  0.2299135
  0.44812014]