best: 28.376325281391487
 
 
[-4.40398193e-01 -2.88642912e-02 -1.65483354e-01  7.35460846e-03
 -5.17882180e-01  1.28460108e-01  5.00944679e-01 -6.66635109e-01
 -4.26376236e-01 -3.33988715e-01 -6.84360720e-01 -2.44520699e-01
 -4.10875533e-01  1.70703346e-01 -6.97961716e-01 -3.98281558e-01
 -1.57274494e-01 -4.53378303e-01  3.93951593e-01  7.03521438e-01
 -4.24709453e-01  3.84665845e-01  1.29212692e-02 -4.20633268e-02
 -5.54369152e-01 -2.22062078e-01 -4.59369489e-01 -6.94058618e-01
 -3.76675370e-01  7.57360798e-01  3.26133982e-01 -1.98012846e-01
  3.08246662e-01 -3.87522852e-01 -2.80592864e-01 -4.87117977e-01
 -7.42947766e-01 -1.70777280e-01  5.36071358e-01 -5.07435627e-01
 -1.03096151e-01  7.37035229e-01 -2.30005373e-01  2.81778237e-01
  5.35016961e-01 -1.14047042e-01  3.55794433e-01 -6.70439081e-01
 -5.32517450e-01 -5.97649041e-01  4.69250926e-01 -3.21576409e-01
 -3.66189121e-01 -5.70517029e-01  4.35727016e-02  3.64124843e-01
  1.50393617e-01  3.43032173e-01  9.98999671e-02 -5.74695205e-02
 -9.57174757e-03 -5.38756446e-01 -2.06144821e-01 -1.87696116e-01
  6.07070319e-01 -6.84853325e-01  2.24684505e-01 -1.53531206e-01
  8.44335706e-02 -4.45958387e-01  2.51996135e-01 -2.28074271e-01
 -3.39403323e-01  2.13382112e-02 -1.13044507e-01  1.49972467e-01
  4.74788555e-01  6.13660750e-04  6.46243777e-01  2.17906271e-03
 -4.45770974e-01 -3.77412518e-01  6.91727515e-01 -8.38969191e-02
  5.67870359e-01  6.47052863e-01  3.27416179e-01 -2.15422693e-01
 -6.61487530e-02 -2.55250908e-01  3.34251814e-01  4.58740170e-02
 -2.85287150e-01 -5.60476450e-01  1.23521264e-01  2.80376711e-01
 -6.86471171e-02  2.51206806e-01  5.86590670e-01 -7.39770936e-01
 -1.92708087e-01 -2.02940096e-01 -1.74881346e-01  2.96801189e-01
 -5.99858109e-01 -7.49844995e-01 -5.50206040e-01  5.26541843e-01
  6.36882536e-01  2.54358020e-02  2.47984270e-02 -1.89317603e-01
  8.44336840e-02 -1.19279003e-01 -3.79252534e-01  2.57414956e-01
 -6.03699302e-01  2.39237500e-01 -2.51237731e-01  5.06177982e-01
  3.76013725e-01 -4.61870264e-01  4.00654850e-01 -1.36976511e-01
 -1.41462921e-01  5.23633697e-01  2.66478924e-01  4.89713773e-01
 -5.02253445e-01 -1.83650771e-01  2.51734225e-01 -2.42198422e-01
 -1.65596351e-01 -3.59002369e-01  6.71358171e-01 -6.77669650e-02
  6.77460586e-01 -2.22688630e-01 -2.05635272e-01 -2.96481196e-01
 -3.67969287e-01  1.16905052e-01 -5.07673356e-01  1.69266071e-01
  7.05863054e-01 -2.89573832e-01 -2.35724689e-01  2.87344360e-01
 -8.30157769e-02 -3.71101469e-01  5.35960620e-01  3.96550107e-01
  3.49509991e-01  2.09509310e-01  1.09721711e-01 -6.03495717e-02
  2.14688007e-01  1.45963829e-01 -6.06730635e-01 -1.06721436e-01
 -3.00598879e-01  4.44792397e-01 -4.74671742e-01  5.29866167e-01
  7.18920742e-01 -1.77460995e-01  5.61096453e-01 -4.41992531e-01
  4.08521766e-01 -6.79222660e-01  5.64267963e-01 -1.67070670e-01
  1.69673464e-02  6.25892564e-01  5.72035796e-01  4.52058231e-01
 -5.60238549e-01  7.34813919e-01 -5.63306070e-02 -2.90260826e-01
 -7.01667956e-01 -2.51372647e-01  1.70491477e-01  1.00489461e-01
 -5.08480871e-01  5.71967167e-01 -7.46361204e-02  2.36992275e-01
 -7.29477247e-01  6.46423538e-01 -2.65135499e-01 -2.16703634e-01
 -4.80193427e-01 -4.05625496e-01  2.23675533e-02  6.11287471e-01
 -1.46396054e-01 -1.45703467e-01 -1.92355812e-01 -9.07158995e-02
 -2.69568094e-01  2.88099494e-01  8.61556502e-01 -3.77187872e-01
  2.05711572e-01  4.36798266e-02  3.53547307e-01 -6.31983117e-01
 -1.15006497e-01  2.14148275e-01 -4.65808551e-01  1.57152623e-02
 -1.39218437e-01  4.92813187e-01  9.53900298e-02  1.42539244e-02
  1.50921869e-01  3.11593618e-01 -1.21442596e-01  2.47615061e-01
 -5.38352428e-01 -1.45317815e-01  4.75934216e-01 -3.33216968e-01
  5.06418531e-01 -1.10324351e-01 -3.48749532e-01 -2.18384087e-01
 -3.38522041e-01  2.90931720e-01 -3.13120072e-01 -5.55203115e-01
 -3.84701802e-01  4.68645474e-01 -1.83313495e-01  5.17912323e-02
 -2.43560136e-01  6.97470113e-01  5.01466675e-01 -3.33749010e-01
  5.07275466e-01 -3.72676170e-01 -1.52564973e-01  1.40191709e-01
  4.60391263e-01 -3.98059319e-01 -1.80417530e-01 -3.57063996e-01
  1.57777347e-01  3.68919345e-01 -1.25693863e-01  2.69439266e-01
 -3.62508598e-02 -3.31201815e-01 -3.54832733e-01  1.00563968e-01
 -2.95527687e-01 -1.09789042e-01  1.32735894e-02 -1.87888669e-01
  4.07667830e-01  1.93778753e-01 -3.87065581e-01  4.39410126e-01
 -5.19728846e-01]