best: 64.08948610566244
 
 
[-0.05939031  0.50275022 -0.55766738  0.73078549 -0.09325687  0.75718798
 -0.24035421  0.28705839 -0.82685988  0.53914455 -0.36321789 -0.04450763
 -0.22771073 -0.08828871  0.34269114  0.12917112 -0.15960677  0.19348221
 -0.42660084 -0.37926113 -0.60796889  0.62705302  0.4350404   0.05099952
 -0.14657241 -0.14926102 -0.37013178 -0.07184757 -0.24658337 -0.31112871
  0.2704111   0.31923889 -0.53944361 -0.36777992  0.52035032 -0.62572013
  0.16099869 -0.16515743  0.15959576 -0.57483347  0.23591541  0.7390244
  0.48408472 -0.31263199  0.70133033 -0.567024    0.28685843  0.42536409
 -0.39910651 -0.6065594  -0.72502556 -0.26414152  0.15507579 -0.30289405
  0.6997566   0.38095888  0.07567383 -0.41873664  0.25145598 -0.15475663
  0.44871402 -0.20765257  0.26633424  0.18049763 -0.27061048  0.79982233
  0.66246052 -0.4141612  -0.56971036 -0.49229881 -0.10633482  0.06840393
 -0.35310866 -0.28047547 -0.16500086  0.12521132 -0.23623828  0.235875
 -0.54535813 -0.66544664 -0.09732693  0.35728315 -0.69505264  0.44247594
  0.44211516  0.24728345  0.36173979  0.19708666 -0.74433079 -0.63958953
  0.51300566 -0.45170562 -0.36188295  0.59310704 -0.59168037 -0.46889145
  0.42144752 -0.45833143  0.63630519 -0.55432689 -0.38590613  0.27784664
  0.0654478   0.03864329 -0.55164314 -0.406419    0.3762456   0.37815545
  0.1207649   0.35839328  0.35901958  0.59392023  0.53229252 -0.35001151
 -0.02998993  0.39011771  0.18617984 -0.2163493   0.44266218  0.39407251
 -0.21669566  0.34930696  0.12687508 -0.81909496  0.66843979 -0.39363658
  0.15632675 -0.51691315 -0.38671694  0.24477031  0.46250565  0.17368248
 -0.14013883 -0.32158292  0.80777278  0.59526183 -0.38566313  0.57563343
 -0.7736504   0.26673545 -0.072633    0.60228752 -0.04021899 -0.34228105
 -0.57951015  0.59304411  0.03271999 -0.80512312  0.54621398  0.36304549
  0.06643833 -0.16764008 -0.02136509 -0.15071499 -0.04195021 -0.69440928
 -0.27908369 -0.1034822  -0.03602551 -0.72083086 -0.62148565  0.48547191
 -0.16546644 -0.51211221 -0.2250459   0.11324846  0.18360584 -0.26357998
  0.19487112 -0.19165374 -0.17386026 -0.37081305  0.74064537  0.45277428
 -0.34477029 -0.5153812  -0.56290755 -0.41235886 -0.10859676  0.17247003
  0.08669787 -0.68457154 -0.05427884 -0.43913938 -0.11392604 -0.73175393
 -0.25332712 -0.32092695  0.33465455 -0.12511762 -0.15208511  0.47783924
 -0.63500995  0.01760345 -0.06938579  0.02608447  0.55710163  0.46100563
 -0.0828961   0.47700786  0.10865065  0.57065679 -0.35486824  0.41545544
  0.22542368 -0.22569684 -0.29819875 -0.0092689  -0.61971001 -0.00563441
 -0.18310825 -0.24966785 -0.64885438  0.73961295 -0.33833852  0.44621651
 -0.04836183 -0.07313765 -0.12234053  0.58623141 -0.29255665  0.23650691
  0.43379848 -0.27768158  0.3427144   0.07194143 -0.6896019  -0.50966457
 -0.63840053 -0.5105393  -0.29165019 -0.43725395  0.19616938  0.04107331
  0.62796689  0.67615251  0.30476452  0.3567086   0.59532059  0.06433929
 -0.38381559  0.27012969  0.1586591   0.04095256  0.29884641 -0.46535417
 -0.24831046  0.44492106 -0.57128807  0.33360502  0.3099332   0.4302563
  0.45879542  0.47673495  0.5674931   0.00112897 -0.70362843  0.28976592
  0.37024924 -0.04807483  0.12655274  0.25299541 -0.03158406 -0.28904368
 -0.15892916]