[-164.59999999999968, -160.9999999999997, -158.59999999999968, -156.19999999999968, -158.59999999999968]
[-306.59999999999974, -306.59999999999974, -296.59999999999974, -296.59999999999974, -296.59999999999974]
[-395.39999999999975, -391.1999999999997, -371.99999999999966, -385.7999999999997, -373.79999999999967]
[-224.99999999999966, -233.9999999999997, -231.59999999999968, -225.59999999999968, -229.79999999999967]
[-306.9999999999997, -311.1999999999997, -329.19999999999976, -327.39999999999975, -315.39999999999975]
[-265.99999999999966, -271.99999999999966, -266.5999999999997, -271.3999999999997, -269.5999999999997]
[-316.59999999999945, -346.5999999999995, -346.5999999999995, -330.39999999999947, -344.79999999999956]
[-80.99999999999946, -80.99999999999946, -71.39999999999944, -71.39999999999944, -70.79999999999944]
[-223.79999999999967, -229.79999999999967, -229.79999999999967, -229.79999999999967, -223.79999999999967]
[-224.59999999999977, -165.99999999999952, -156.3999999999995, -204.59999999999977, -224.59999999999977]
