best: 56.554782927282425
 
 
[ 0.10101811 -0.00837984 -0.53689105 -0.62799445 -0.26199532 -0.26079379
 -0.11868913 -0.02058453 -0.62580848 -0.12996897  0.53965494 -0.33295943
 -0.07182505 -0.21590465  0.22387136 -0.07263638 -0.32751782  0.51029795
  0.07935651 -0.03312681 -0.11305799 -0.28597525  0.17694356  0.49830956
 -0.37777089  0.17244498 -0.28518739 -0.29187236 -0.45284061  0.25658486
  0.18253561 -0.33939629 -0.17667897 -0.23836599  0.37528753  0.29621051
  0.06186256  0.50495265  0.49082373  0.43569189  0.38591302  0.03836875
 -0.62098783 -0.29340849  0.2994199   0.10941438 -0.0324783   0.55260076
  0.28164119  0.60566032  0.33904384 -0.39049406 -0.43682136 -0.63473537
 -0.30890751  0.08083949  0.31679982 -0.29163933 -0.62616611  0.16351144
 -0.31174316  0.43146979 -0.42124751 -0.2288152   0.48104136  0.2965136
  0.21900573 -0.70633626  0.19251715 -0.03642281 -0.29809824  0.37824736
 -0.16214334 -0.0353842   0.41129734 -0.70939941 -0.56104078 -0.01076994
 -0.65031916 -0.64225223 -0.1043043  -0.31563376 -0.26926891 -0.25504044
 -0.00922395 -0.38117924 -0.49260708  0.2698304  -0.45829805 -0.13292762
  0.41812671 -0.28224876 -0.02227866  0.26203757  0.38613558  0.16254323
  0.63833478 -0.00376299  0.08856748 -0.41127017  0.22263799  0.55774954
  0.26540848  0.0119002   0.35460046  0.36227437 -0.23215924  0.55961726
 -0.38089331 -0.13385788 -0.39757259 -0.44692672 -0.08496687 -0.04360297
  0.55027056 -0.66940282  0.38045056  0.08674706  0.29937954 -0.40682217
 -0.2132363   0.14793382  0.1918697   0.12951938  0.27974945 -0.30143284
  0.74700877 -0.00480418  0.45897388  0.30502782 -0.21614339  0.04070456
 -0.12238091  0.42571407 -0.22596177  0.65187572 -0.11118411 -0.67932437
  0.32308595  0.39188735  0.4073561   0.50018326  0.43942497 -0.1593308
 -0.31462694  0.39367575 -0.18046769  0.31073267 -0.08996319  0.47452288
 -0.15029187 -0.26587686 -0.41475211 -0.58728495 -0.7563961  -0.13859823
 -0.19958133  0.28484368 -0.48795321  0.23320292  0.260129   -0.19595103
 -0.12737938  0.56169989 -0.26236268  0.24830999 -0.30626872 -0.63713723
 -0.45457546 -0.14233034 -0.27539854  0.58579895 -0.52076609 -0.12514319
  0.02145363  0.18736113 -0.33572842  0.07651264 -0.50481354  0.56844241
  0.09543703  0.24066488  0.41918068  0.26427666  0.16925165  0.4607617
  0.10496712 -0.35377205  0.12053227  0.27978496 -0.51665439 -0.04390082
 -0.28766058  0.4452413   0.38882422 -0.01545955 -0.80879978  0.19247988
 -0.31265002  0.38571684  0.02378649  0.58619039  0.06452049 -0.33108248
 -0.8403314  -0.55137117  0.08144313 -0.1921073  -0.27456598  0.53474634
 -0.07431288 -0.35146021 -0.28775845  0.55591107  0.16868324 -0.3663038
 -0.34021363  0.7751917   0.49351216  0.12348314  0.29315922  0.39489098
 -0.21161818  0.54024096 -0.52859791  0.35665476 -0.47824094  0.5020314
  0.1709623  -0.0078062  -0.05670439  0.40609571  0.11757416 -0.15214357
  0.33838108 -0.40021235  0.17276643  0.71161543 -0.40050912  0.13550518
 -0.12702408  0.05744146 -0.02633993  0.32140343 -0.30880438 -0.08548172
 -0.34195925 -0.11877421 -0.20428119  0.04865459  0.22984882  0.63948449
 -0.44439656  0.22111143  0.18342616  0.47945202  0.18651627 -0.68554653
  0.10223117  0.69151669  0.12763378 -0.13576104 -0.64219942  0.50803978
  0.14445906]