best: 71.02095351900381
 
 
[-0.37509251 -0.55228652  0.56381897 -0.43590822  0.2241133  -0.19570957
 -0.24189746  0.68466513 -0.04123188  0.00957601 -0.19418854  0.29933731
  0.40772899  0.2532876  -0.35194822  0.16844703  0.32721221  0.23195847
  0.15072477 -0.24950219  0.05382623 -0.0108098  -0.06310489 -0.16204946
  0.11331248  0.06820308 -0.01306003  0.15428425  0.28943895  0.33082496
  0.2774217  -0.14432129  0.6001833  -0.04242134  0.25962232 -0.10667032
 -0.19935952  0.25009522 -0.23643788  0.38046189  0.02479827  0.6029499
 -0.30837175 -0.18625653  0.74689851 -0.33227525  0.5384026  -0.18087943
 -0.38820817  0.21390406  0.32337228 -0.16900014  0.40434704  0.0284061
 -0.07687142  0.15213303 -0.31460029 -0.26441893 -0.01988607  0.52594064
  0.10670553 -0.0093113   0.29407886 -0.34009935  0.06112202  0.0393637
 -0.02826388 -0.59501989 -0.22147826 -0.36522209 -0.02238207 -0.54126994
  0.5445648   0.10181765 -0.32665151  0.22721544  0.7115402   0.36121883
 -0.19185876 -0.20007195 -0.12636982 -0.07064231  0.42536898  0.32367249
 -0.29715123  0.21094914 -0.38011657 -0.50715249  0.21158719 -0.43746004
  0.11288257 -0.06226846 -0.55762729  0.39829254 -0.10272088 -0.31149787
 -0.78562728  0.11441341 -0.50382087 -0.09403416 -0.2303936  -0.58961027
 -0.01800172  0.48249693 -0.63485047 -0.30736746 -0.77703524  0.11824257
  0.12065249  0.2138568   0.60373459 -0.084795    0.13903281 -0.01604645
  0.01270405  0.13128464 -0.03671492  0.02796212 -0.21893627  0.43423396
 -0.33121541  0.15651966 -0.12935576 -0.48493679  0.33280679  0.26559511
  0.16638917 -0.15250036 -0.27554714 -0.36345987  0.57697358 -0.4792462
  0.18635171 -0.34910017  0.18158001 -0.02359021 -0.02632498  0.64871272
  0.27799678  0.49793677  0.07801303 -0.23110927  0.22020394 -0.0796236
  0.26053153 -0.5860879  -0.09716404 -0.65880887 -0.22031229 -0.36937184
  0.03764776  0.15153689 -0.22363446 -0.11631591 -0.17012915  0.204443
  0.45817489 -0.21179789 -0.62733543 -0.5064433  -0.64987725 -0.05901521
  0.07465554  0.18237734  0.33452377 -0.04803201 -0.35378737 -0.09898492
  0.25848683 -0.0785107   0.39643764 -0.54632811 -0.40776023  0.43425695
 -0.00685541  0.42946235 -0.0556315   0.12086857  0.11354654  0.13115771
  0.72347556  0.53950556 -0.57533793  0.46024276 -0.04667936 -0.04429346
  0.33024098 -0.61457698 -0.08094959 -0.49108427  0.31386174 -0.19339286
  0.03609618  0.45178067  0.39869774  0.40526005 -0.0978657  -0.63087288
  0.36434484 -0.50775199 -0.16268898 -0.31664362 -0.19675521 -0.41683221
 -0.15822894 -0.10982499 -0.35056602  0.75194446 -0.21394042  0.01156126
 -0.02131663  0.04283186  0.17001914  0.81614068  0.50505402 -0.21250708
 -0.22441382  0.31956545 -0.12015517  0.31104515 -0.61861503  0.15096135
 -0.24087727 -0.10346899 -0.11482333  0.00203135 -0.27553187  0.58442592
  0.1720636   0.04559316 -0.33911253  0.44759963 -0.09369907  0.46031777
  0.63567641 -0.2415096  -0.17635217  0.18536321  0.21566284  0.20855697
  0.38081614  0.55568184 -0.06322606 -0.0402426  -0.63040316 -0.6832542
  0.10750334 -0.60079396 -0.0858157   0.12695941 -0.64604684 -0.31406331
 -0.25309461  0.77401074  0.13177755 -0.23335562  0.43231861  0.03141223
  0.53349365 -0.08959067  0.22019952 -0.55689647 -0.48709835 -0.06431657
 -0.50778016]