best: 56.56887024406926
 
 
[-2.30275962e-01 -1.80798851e-01  2.49329971e-01  1.46418459e-01
  3.64242065e-01 -2.34707644e-01 -1.20579042e-01 -1.39526369e-02
 -3.85821679e-01 -1.84825523e-01  3.94525677e-01 -3.54724574e-01
 -3.83674709e-01 -5.95369264e-01  5.40221410e-02  3.69501358e-01
 -4.50174218e-01 -4.23954998e-01  1.06443919e-01  2.28336110e-01
  2.35822198e-01 -3.94801913e-01 -3.94625107e-01 -5.93349047e-01
  5.62369351e-01  4.57453285e-01 -4.50241522e-01  2.56757896e-01
  2.02506482e-01  2.82381957e-01 -7.18635849e-01 -2.14094777e-01
 -3.18930302e-01 -9.02460143e-03  2.45322355e-01  1.69478075e-01
  5.89617683e-01 -4.92096610e-01  5.29884600e-03 -6.15026749e-01
  1.24354529e-01 -2.24870264e-01 -1.01746402e-01  7.62362185e-01
  6.28572188e-01 -7.36295931e-04 -5.85810809e-01  4.98908609e-01
  1.28510281e-02 -2.96249619e-01 -3.75888521e-01  5.05528877e-01
 -3.53548767e-01  9.68520339e-02 -5.69128705e-01  4.09755628e-01
 -2.31560694e-01 -5.80803047e-01 -7.36456743e-01 -3.37915428e-01
 -5.35565127e-01 -3.47880346e-01  3.71494332e-01  1.04419157e-01
 -3.47619109e-01 -3.93218129e-01 -1.00000000e+00  2.24449742e-01
  3.49334775e-01 -5.85786309e-01 -4.24355655e-01  3.69514020e-01
  5.68892995e-02 -2.00607565e-01  2.87357930e-01 -6.91909880e-02
  3.45107203e-01  1.97117974e-01  3.36524453e-01 -3.33641014e-01
 -9.91506244e-02  5.25609122e-01  5.94487988e-02  2.34703570e-02
 -6.47607880e-01  4.59181520e-01 -6.68791675e-02 -1.10029093e-01
 -4.22794311e-01  1.97714361e-02  9.76697215e-03  9.26469236e-02
 -2.27313463e-01  3.45955533e-01  1.25921448e-01  5.66060561e-01
  4.24314688e-01 -6.71301700e-01 -3.34260110e-03 -2.55275660e-01
 -7.00646661e-02  2.24025403e-01  9.24562979e-02 -4.82407822e-01
 -5.51452169e-01  5.83049077e-01  3.92866793e-01 -6.21473799e-01
  2.46335688e-01  4.42115829e-01  2.53244577e-01 -6.90997073e-01
 -2.07512142e-01 -1.32246506e-01 -2.38745199e-01 -2.57271052e-01
  7.51945305e-01 -4.48387061e-01  4.65966960e-01  2.73583028e-01
 -1.32342574e-01  8.89064494e-02 -3.05345814e-02 -2.43140243e-01
  3.06065467e-02 -5.66749248e-01 -4.08060826e-01 -8.69271696e-01
 -4.83224629e-01  3.17075256e-01  6.57782155e-01  6.58359900e-01
 -7.82690693e-01  2.72856193e-01  6.28177630e-01  3.80610551e-01
  3.41604792e-01  7.17562485e-01  4.30772189e-01 -4.34626289e-01
 -8.46955241e-01  5.44754144e-01  1.85459992e-01 -5.81378097e-01
  1.52044988e-01 -3.21758492e-01  5.35426448e-01  9.48082925e-01
  2.51925313e-01 -3.95353845e-01 -4.65365064e-01 -5.71643019e-02
  3.41140904e-01  6.23972089e-01  1.01289442e-01  3.98054075e-01
 -5.03369422e-01 -2.66634064e-02  3.64370534e-01  6.31785589e-02
  2.29442648e-01  1.95034446e-01  2.43742016e-01 -5.44027444e-01
 -5.68345547e-01 -2.36571762e-01 -3.63473860e-01 -5.79867324e-01
 -2.88900896e-01 -1.42541532e-01 -7.68041166e-01 -2.49099228e-01
  2.82436923e-01 -1.13783201e-01 -8.01216856e-01  3.93281559e-01
 -2.81145526e-01  1.75682688e-01 -3.47363352e-01 -5.45843105e-01
 -1.91844764e-01 -6.13550012e-01  2.78342067e-01 -8.32662135e-01
 -7.34635621e-02  1.90741812e-01  3.86712746e-01 -1.65934309e-01
 -3.28806429e-01  3.93469946e-01  1.07069008e-01 -6.06958381e-01
 -2.49250314e-01  6.38229240e-01 -5.46603250e-01 -5.55042264e-01
  7.55722631e-03 -5.69360189e-01 -2.73978302e-01  1.63362441e-01
 -5.11710671e-01 -1.64477520e-02  6.15504424e-01  8.39777384e-01
  3.47419638e-01 -5.72793768e-03 -7.09996196e-01 -4.04506871e-01
  6.99766382e-01 -6.74726915e-01 -6.12723185e-01  8.57885595e-02
  3.52982248e-01  3.56960510e-01 -3.59499884e-01 -2.69603753e-02
  9.87425457e-02 -2.95383629e-01 -2.33365478e-01 -1.25981366e-01
  1.73010182e-01 -3.20107159e-01 -2.60009707e-02 -3.12756034e-01
  3.64820127e-01  2.50089902e-01  5.01830003e-01 -3.87457025e-01
  5.69182445e-02  3.75477301e-01  1.39248082e-01 -6.57236884e-01
 -1.33594509e-01  5.29554767e-01  7.41682133e-01  2.41947196e-05
  9.90853934e-02 -4.96969491e-02  3.03360524e-01  1.05493814e-01
 -5.01717280e-01  4.16471111e-01  3.98901180e-01  4.34832866e-01
  7.44495116e-01  4.60967100e-01 -5.16723822e-01 -1.84675290e-01
  5.71633644e-01 -3.73020571e-01  5.67524004e-01  2.81987922e-01
 -7.42226633e-01 -3.45783543e-01 -4.33382567e-01  2.99829513e-01
 -4.95499074e-01  3.12143592e-01  1.81559865e-01 -1.66924079e-01
  3.30285046e-01  4.60533445e-01  4.01430293e-01 -1.01416235e-01
  3.54877028e-01]