best: 70.98376642426926
 
 
[-0.56665929 -0.6228141  -0.16464747  0.47798092 -0.56312363 -0.67846309
  0.2280343  -0.28097947 -0.30672457 -0.21767349  0.3619528  -0.16928593
  0.03775699  0.76057403 -0.14819999  0.44499053 -0.2420502  -0.33883583
  0.07621215 -0.10440899 -0.31195721 -0.48886986 -0.17479737  0.11954343
 -0.19707095  0.15264779  0.25563268 -0.20018278 -0.31734118 -0.18411317
  0.71749624 -0.0346136   0.57623586 -0.18414851  0.14115909  0.63418599
 -0.04320201 -0.48545261  0.54533626  0.24714468 -0.11346767 -0.02301175
 -0.36818965 -0.46889963  0.09315199 -0.28763971  0.31511678 -0.35830547
 -0.39694718 -0.25820319  0.14865739  0.53495216  0.04034776 -0.37881509
  0.17487811 -0.49277991 -0.37453324  0.00188315 -0.07005279 -0.36245745
 -0.47331719 -0.22830789  0.08294573 -0.655026   -0.26586283  0.06599517
 -0.02609291  0.35208683  0.37338873  0.49900151 -0.43291035  0.48279429
  0.22140614  0.43600769 -0.19258805  0.33906082 -0.098527   -0.43404752
 -0.46078422  0.53079276  0.40910934 -0.1947831  -0.3480779   0.13559461
  0.41193787 -0.45262099 -0.48995061  0.03921353 -0.19357243  0.02552836
 -0.50917536  0.03563298  0.45882605  0.0335926   0.213856   -0.36030105
  0.26039688  0.27898426  0.24156165 -0.22981099 -0.00611054 -0.62160442
 -0.36407171  0.27268317  0.00246685  0.22769775 -0.12448688  0.21808589
 -0.30266996 -0.12706564 -0.01111613 -0.63059044 -0.17818986  0.38084015
  0.05181505 -0.27384816 -0.39960701 -0.28609273 -0.43818486 -0.15617906
 -0.00506747 -0.41068876  0.05072167  0.11810366  0.53360016 -0.37080747
 -0.37781004 -0.26779272  0.12387737  0.39071353 -0.194891    0.46844734
  0.30483612  0.43751667 -0.2136661  -0.01371055 -0.39543097  0.12302029
  0.71599027  0.14329694  0.08150573 -0.19191859  0.01998955  0.0178718
  0.5328517   0.52101766  0.01716253  0.12083824 -0.67469061 -0.06456123
  0.06188195 -0.73260779  0.59105175 -0.24550626  0.36904704 -0.08583129
 -0.02586763 -0.15263922  0.30646757  0.60505166 -0.51506211 -0.09951566
  0.06371577 -0.69531323  0.36447435  0.03851486 -0.38099636  0.31504877
 -0.05084745  0.26886526 -0.06863873 -0.31318136  0.11599191  0.23316517
  0.40469266  0.52985156  0.56806226  0.29847487 -0.05552178  0.01086409
 -0.59836689 -0.36219402  0.32515918 -0.57587893 -0.32464925  0.25810422
 -0.17112532  0.61986087  0.70219905  0.05311337  0.02870145  0.38397901
 -0.17923373  0.29955457 -0.11329393 -0.34927979  0.29899387  0.11553134
 -0.12698142 -0.12265769  0.1519117   0.44815029 -0.03197184  0.59736863
 -0.23202538  0.1558847  -0.08564775 -0.18933604 -0.39713435 -0.00464825
 -0.18987166 -0.17373579  0.10533183  0.49007468  0.33714226  0.26367105
 -0.20693941 -0.02692121  0.53696703 -0.35158546  0.02839262 -0.67057021
 -0.03124185  0.11218521  0.06557521 -0.52582616  0.28476801  0.0541237
  0.12449981  0.1557276  -0.40417221 -0.01698779  0.06686223 -0.25842926
  0.18419092 -0.33992664  0.11074672 -0.01702159  0.14845769  0.10334776
  0.11073519  0.49188437  0.38449616  0.29985618 -0.897957   -0.71726091
 -0.42564152  0.04960647 -0.22337678 -0.21015149 -0.20614979  0.30947009
 -0.48217815 -0.40702759  0.40986062 -0.06683732 -0.50498518  0.1174075
  0.19277951 -0.15725125  0.33894913  0.01797812 -0.21282199  0.45399631
  0.46153787]