best: 71.03510861242049
 
 
[ 0.36883188  0.30125943  0.31740477  0.14187721  0.50623482 -0.57821714
  0.39830529  0.60894507 -0.06928582 -0.31268528  0.05984245 -0.1333556
 -0.26056854  0.10329484  0.50375584  0.16470673 -0.30764764  0.04259061
 -0.27192218 -0.27360934  0.16776328 -0.15444616 -0.19702652 -0.27593373
 -0.41322476 -0.28694388  0.09807647  0.44570876  0.18399519 -0.60323692
  0.06757241  0.38581187 -0.19412061  0.5177053  -0.27529075 -0.65168146
  0.23795868  0.53361517  0.7302291  -0.41893426 -0.65799953 -0.77349583
  0.58433241  0.28276147 -0.13204643 -0.77190851  0.23796182  0.49098322
  0.30699247 -0.03809196 -0.16955169  0.27761013  0.71763989  0.40763221
  0.29041271  0.42131063  0.45176517 -0.51896453 -0.47904733 -0.2954128
 -0.0393597   0.30263958  0.43226199  0.53465741 -0.0561244  -0.22886879
 -0.0666963  -0.61814397  0.06301547  0.38836879 -0.48272239 -0.29228717
 -0.34525541  0.09827348 -0.688136    0.23058916  0.1581301   0.27473637
  0.02486778  0.7050432   0.21252952  0.11693101 -0.4884439  -0.42388661
  0.21200033 -0.44808819 -0.67825943 -0.29204589 -0.12450333  0.04306244
 -0.09669311 -0.34458478 -0.3351464  -0.07850117 -0.78941657  0.14603745
  0.27503815 -0.04977838  0.26763479  0.26663854  0.70047676 -0.15615152
  0.34650025  0.44361462 -0.54290394  0.38474815 -0.51026052 -0.08417018
  0.65931575  0.14237271  0.04922955 -0.22893045 -0.42543228 -0.29911027
  0.02255687  0.33333907 -0.20281175 -0.21756224  0.13674558 -0.20964192
  0.3320357  -0.08513851  0.48738278  0.61875522  0.10847912  0.06946585
  0.47035932  0.32763257  0.28988667 -0.13426152  0.45747877  0.29085124
  0.03655622 -0.19069654 -0.09503541 -0.70605741  0.68866872  0.14316611
 -0.58668685  0.0590192   0.2254457  -0.03942665 -0.3534405  -0.77070908
  0.4937711  -0.24540815  0.48157518  0.27214163  0.1803669  -0.40055188
  0.1208498   0.40305094  0.38306164 -0.51396962 -0.59729677  0.18561183
  0.24351763  0.16618932  0.33714868 -0.71936834  0.78752303  0.18280699
  0.69828587  0.40792635  0.11013859  0.07174765  0.48400975 -0.11967653
 -0.18569024  0.49269886  0.16448885  0.52628252  0.51655602 -0.62006635
 -0.1134647   0.40162261  0.34317517 -0.05554409 -0.38438145  0.11965414
 -0.24549961 -0.3774945   0.1613678   0.05316651  0.37726645 -0.26738487
  0.19898816 -0.26035369 -0.62550437 -0.29173244 -0.65517487  0.00405263
 -0.68382823  0.36076752  0.42414396  0.60796401 -0.59371667  0.60048928
  0.44602284 -0.66614447 -0.27365026 -0.43442814 -0.16481999  0.52417098
  0.32303641 -0.13731276  0.27570587 -0.25660874  0.66011385  0.08808714
 -0.51038575  0.16972356  0.06655251 -0.05023196 -0.15879293  0.68779996
  0.73082701 -0.03947354 -0.70042844  0.37700486  0.28066937 -0.36837169
  0.20020982  0.15916121  0.28191494 -0.59379256 -0.52064905  0.58729364
  0.28035225  0.29649495 -0.56264949 -0.26444939  0.33307108  0.09570282
 -0.41166955  0.33894995  0.2864936  -0.08067417  0.18335233  0.35419624
  0.30848587 -0.59706168  0.38048466  0.56485047 -0.51991417 -0.60555156
 -0.40411483  0.0729228   0.34923594 -0.11437778 -0.41167062 -0.14979261
 -0.376599   -0.77524737  0.55648445 -0.06600232  0.42199789  0.11747559
  0.50820755 -0.14853005 -0.09412753  0.08749997 -0.24475711  0.75053405
 -0.20544364]