best: 85.62635244168798
 
 
[-0.40067822 -0.30933467 -0.29073475  0.81257977  0.05666194 -0.37222958
  0.13121313 -0.11063184  0.52204052 -0.28877233  0.14105285 -0.41607757
 -0.45791592 -0.67523509 -0.10574919  0.00653143 -0.55043334  0.63581661
 -0.349533    0.52780054 -0.18007717 -0.25787629 -0.58284568 -0.2571221
 -0.73801899 -0.30027369 -0.32302192 -0.08765805 -0.44428785 -0.32258278
  0.43225856 -0.20153845 -0.42452585 -0.34876425  0.19451602  0.19124596
  0.07261211  0.09730128  0.39227602 -0.53289881 -0.05360544 -0.02117174
  0.34834004  0.21599875  0.42500736 -0.63382942  0.41997679  0.23037064
  0.52615854  0.65188142 -0.60780536 -0.4861918   0.68871557 -0.34677954
 -0.36942083  0.54844295 -0.31221359  0.36199103  0.74043044 -0.19410906
  0.00293922 -0.20415919 -0.77513585  0.26000794 -0.02217922  0.31585451
 -0.30069925 -0.83878298  0.28754084 -0.47331819  0.53603156 -0.15470334
 -0.59876756  0.46225163  0.29703888 -0.16058155  0.12250714 -0.49406826
 -0.15695928  0.49868227 -0.44133496 -0.24106331  0.74316634  0.17217017
  0.62502651 -0.32922511  0.37589744  0.86987112  0.2260446   0.06811085
  0.39410213 -0.65116577 -0.10359891  0.26836656  0.2873677   0.70989664
  0.51912297  0.08209736 -0.27906507  0.31394043  0.62979355  0.1255092
 -0.42510983 -0.12431246  0.01293501 -0.22220209 -0.73112874 -0.60363065
 -0.16791913 -0.07468813 -0.4091328  -0.0163914   0.38401561 -0.33642711
 -0.40231956  0.37688934  0.66464446 -0.41366103  0.47045934 -0.34132662
 -0.63374844 -0.49457472 -0.14019158  0.41728939 -0.63704899  0.80925408
  0.24227022 -0.68927744 -0.55499807  0.11346676 -0.08322193  0.75179376
 -0.81457727 -0.35135514  0.48238092 -0.35139634 -0.15895698  0.52597217
 -0.37691232 -0.23075083  0.48567451  0.57723762 -0.30008089 -0.31451765
  0.51131751 -0.19467454  0.47970222 -0.31120174 -0.43885719  0.57765788
 -0.41709119 -0.66921062  0.08926803 -0.61187377  0.28925996 -0.56202189
 -0.1058418  -0.1130934   0.30925148  0.517219    0.32082074 -0.10382887
 -0.64124032  0.48253541 -0.13849518  0.37680528 -0.05242812 -0.11708351
  0.01460543  0.18387116  0.64230185  0.21607026 -0.29875194  0.3433606
 -0.64685602  0.46545064 -0.21791286 -0.44666718  0.09621501 -0.10042019
  0.31138287  0.66848881  0.02783235 -0.32111898  0.65733752 -0.55042182
 -0.1009258  -0.41425877 -0.09280407 -0.52302349 -0.15769852 -0.15595594
  0.02157807  0.38136851  0.73392684  0.53228644 -0.3412696   0.4315436
 -0.64488563 -0.0766783   0.27965639  0.82780464 -0.79704938  0.29015715
  0.43785523 -0.42838748 -0.47054137 -0.2059749  -0.24546091  0.64578741
  0.72236768 -0.16304728  0.09853403 -0.53528905  0.6926204  -0.12534705
 -0.35393612 -0.22558985  0.82481749  0.20271124 -0.30976716  0.62245042
 -0.49261548  0.32872051 -0.21990781  0.210743   -0.5736567  -0.67124464
  0.61353145  0.7366306  -0.48280597  0.06832854  0.41831704 -0.06968955
  0.51022145 -0.84389889  0.5436736   0.48236942  0.13193351 -0.46717849
 -0.09052974  0.51849274  0.98797033  0.5367528   0.12282858 -0.18200702
  0.08003066  0.12745391 -0.27874948  0.47707519  0.37339139  0.38432112
  0.37584332  0.02607523 -0.68990309 -0.02001458  0.48591535  0.06796711
 -0.34562319  0.39643708  0.33899352  0.23163447  0.48248118  0.85993602
  0.3844154 ]