best: 28.16517012765904
 
 
[-0.03159905 -0.32997739 -0.01151419 -0.40826916  0.15209889  0.65924469
 -0.47214172  0.62707418 -0.61712065  0.09367836  0.21101317 -0.19069466
 -0.22512253 -0.54171097  0.22849582 -0.15872554 -0.42234155 -0.03748444
 -0.46362568 -0.1682505   0.50765622 -0.15696328 -0.22459541 -0.2357881
 -0.35749854 -0.4541938  -0.35715266  0.28500775  0.41540955 -0.15161871
  0.26398812 -0.19922769 -0.12800049 -0.55845654 -0.06957981  0.23363043
 -0.26086622 -0.04358972 -0.67099327 -0.13310853  0.09937252  0.08732658
 -0.55342469  0.05916166  0.18693896 -0.02780257  0.2791639   0.42248222
  0.54976512  0.58990256 -0.33445281 -0.41733516  0.12593299  0.3431129
  0.09293083 -0.12820124  0.15545776  0.44539364 -0.28026877  0.43095887
  0.3135375  -0.22715122 -0.11907169  0.07847185  0.32219451 -0.63566735
  0.29960025  0.48586175 -0.19942018 -0.12308049 -0.4125742  -0.09993041
  0.43790225  0.53549168 -0.32754306  0.25433033 -0.26018663  0.73631859
  0.12301802 -0.39903106 -0.44868893 -0.26559699  0.03606347 -0.19312077
  0.52168135 -0.25658083 -0.55960942  0.54703266 -0.50642336 -0.41764909
  0.47482605 -0.77969492 -0.01440332 -0.15054196 -0.09947491 -0.22620668
 -0.62479881 -0.15231039 -0.14159958  0.10545168  0.23152799  0.12972284
  0.14379919 -0.16817244 -0.46642934 -0.32081514 -0.25379468  0.00363744
  0.41508782 -0.64147213 -0.29196935 -0.10878522  0.56851484  0.44009106
  0.07468199  0.23782843  0.09789931  0.32260622  0.01076028 -0.24227333
  0.08415417 -0.3221505  -0.26764491 -0.57604267 -0.42418863  0.31939117
 -0.68508188 -0.09519828 -0.63504187  0.40415606  0.19859515 -0.18724613
  0.17587567 -0.39959177 -0.25918822 -0.53073797  0.20978338 -0.03419748
  0.62019643 -0.12835563  0.03860824 -0.4985497  -0.47091057  0.60299071
 -0.19498536 -0.2996697  -0.04919122  0.33929911 -0.39438494  0.11875169
 -0.28779637  0.63735397 -0.22744296  0.57292007  0.12949733 -0.62071338
  0.14700311 -0.47860392  0.32009516 -0.54343574  0.10674768 -0.34133741
  0.44945416  0.56853259 -0.37178363 -0.68125468  0.13984286 -0.05191143
  0.2723807   0.04791989 -0.18504855  0.01619089 -0.73016092 -0.26558872
 -0.46650558 -0.02640691  0.58112348  0.56945254 -0.19960939  0.09660165
 -0.26717821  0.53358099 -0.64154013  0.47853719  0.03124053 -0.34862932
  0.13832899 -0.14065885  0.66323631  0.61904792  0.3495909  -0.28392199
 -0.41809657 -0.06085173 -0.32184606  0.51505585  0.04786444 -0.48287216
 -0.07937802  0.52334412  0.50780124  0.14623358  0.08829022  0.43995215
  0.33707292 -0.0011505   0.48427345  0.1598951  -0.64504213 -0.19062402
 -0.14469692 -0.07067002  0.11110406  0.23496213  0.06636988 -0.36517821
 -0.53033194  0.47600651 -0.38628364  0.50480958  0.1418139   0.08528806
  0.45484359  0.38300562 -0.45639419 -0.3451999   0.16359183  0.41564151
  0.47005953 -0.14325538 -0.02909552  0.2040553  -0.14553287 -0.12702748
 -0.09138802 -0.59069112  0.39325333  0.37015508 -0.32913973 -0.26067462
  0.22731631 -0.40938836  0.53638088  0.42894474 -0.43117269  0.17264039
 -0.11488323 -0.43308041  0.61215424  0.41556576 -0.11539808 -0.44691265
  0.12083459  0.37392897  0.14981663  0.06142825 -0.4905743   0.47528421
  0.347967   -0.38552442 -0.19121374 -0.51182621 -0.63062757  0.25779676
  0.18349994]