best: 71.06697548916353
 
 
[ 1.31839729e-01  2.38016711e-01 -5.22023528e-01 -1.04540199e-02
  3.80157635e-01  3.50966426e-01 -2.26145028e-01 -2.04855777e-01
 -2.83055188e-01 -4.30691620e-01 -6.77523673e-02 -1.02697764e-01
 -2.79912615e-01 -1.88902905e-01 -2.10603657e-01 -2.24188590e-01
  9.20539219e-03  1.28651482e-02  3.35717136e-01  1.81893309e-01
 -2.47748904e-01  1.85044625e-01  3.91417631e-01  2.76098443e-01
  8.56747418e-03  1.60235126e-01 -1.42899301e-01 -4.47529595e-01
  1.52299718e-01 -1.28202660e-03  3.45883816e-01 -9.82681983e-03
  3.73885286e-01  1.70333828e-01 -1.24119734e-01 -3.70551598e-01
 -1.03139622e-01 -3.22120163e-01  1.24275019e-01 -5.49507194e-01
 -4.81451966e-02  5.26855425e-01  3.04013056e-01 -6.70038898e-01
 -5.03191126e-01 -3.21787273e-01 -1.10401862e-01  3.72216538e-02
 -2.10890878e-01  5.28202034e-01 -3.03147639e-01  4.10287203e-01
  4.31649236e-01  2.49334368e-01  3.78307416e-01  1.91501570e-01
 -1.90033087e-02 -3.76163716e-01  1.62577904e-01  7.35761766e-02
  4.71825943e-01  4.11865956e-01  7.19533154e-01  1.92995526e-01
 -3.91785921e-01 -4.18656219e-02 -7.64839799e-02  2.32867719e-01
  1.09143538e-01 -1.38132529e-01 -3.61554725e-01 -3.40550581e-01
  7.86352653e-02  1.37165788e-01  1.25592679e-03  4.08380566e-01
 -1.01446265e-01  1.76860496e-01 -5.78865025e-01  3.04792060e-01
 -2.64885672e-01 -1.05081077e-01 -2.24900722e-02 -4.30051023e-01
 -2.30223314e-01 -1.24993588e-01 -1.91972311e-01 -5.40133251e-01
 -3.96989224e-01  1.97356016e-01 -3.15422904e-01  1.23478950e-01
  3.40989925e-01 -3.84586645e-01 -4.82467049e-01 -1.62846158e-01
 -7.18169134e-02 -3.96993450e-01 -2.62284754e-01  4.65841470e-01
  9.89428558e-02  3.54736210e-01 -1.04190685e-01  2.10230897e-01
 -1.95625173e-01 -1.66106891e-01  5.01490662e-01 -1.00000000e+00
 -7.18679649e-02  3.25519019e-01  2.11818407e-01  3.31471703e-01
  5.22637362e-01  2.33525105e-01  1.19906600e-01 -3.24252763e-01
 -1.01990986e-01  2.14843913e-01  9.61260662e-02  1.32794069e-01
  1.47841292e-01  2.06764830e-02  1.37903942e-01  4.12200654e-01
  3.29511202e-01  1.23653364e-01  2.25499692e-01  1.41529531e-01
 -4.83626531e-02  3.56075256e-01 -5.18923175e-01 -1.86862578e-01
 -3.05057664e-01  1.85531470e-01  3.37352914e-02  3.22354672e-01
  3.95795496e-01 -5.60672468e-01 -5.91653429e-02  2.75490675e-01
  2.49444594e-01 -4.62663411e-01 -5.43451534e-01  2.20438190e-01
 -1.23582561e-02  4.14832386e-02 -3.89391104e-02 -3.85025519e-01
 -9.65859162e-02  3.29811170e-01 -5.93609660e-02 -3.09324290e-02
  5.53021413e-01 -3.54467320e-01 -2.35613746e-01 -2.23940839e-01
  1.06802061e-01 -3.75046434e-02 -3.11088546e-01  2.66686797e-01
  3.01337001e-01 -4.80951930e-01  2.01558926e-01  3.77133884e-01
 -4.83467543e-01 -4.65992807e-01 -3.33227063e-01 -4.32822162e-01
  1.31881575e-01 -4.66909198e-01  2.55824379e-02 -1.68681180e-01
 -2.80692126e-01  6.76084638e-02 -2.17718839e-01 -3.67678021e-01
  1.38861818e-02  6.84297803e-02  5.27939038e-01 -2.78641838e-01
  2.46065387e-04  5.48491366e-01  3.28585732e-01 -2.74438089e-01
 -6.08513163e-01  7.68760528e-02  4.35296667e-01 -3.61361275e-01
 -1.12531141e-01 -2.77733176e-01  2.93948849e-01  4.27395681e-01
 -4.61441310e-01 -3.61964087e-01 -6.17129505e-01  3.44848624e-01
 -1.40804437e-01 -1.62395609e-01  2.86436748e-01 -3.27367064e-01
 -2.70949331e-01 -3.04795836e-01 -2.02730308e-02  9.98478493e-02
  1.78112865e-01 -3.45663179e-01  1.03483344e-01 -1.90361668e-01
 -5.84596607e-01 -4.03438619e-01 -3.12455269e-01 -4.64690276e-01
  5.71631838e-01  1.83737960e-01  3.00209278e-01 -3.53516883e-01
 -1.76916794e-01 -4.73423898e-01 -6.95856300e-02 -4.24104389e-03
 -3.34070522e-02  8.03755066e-02 -6.10985056e-01  2.87793181e-01
  4.13619369e-01  1.81427075e-01  2.52368452e-01  2.97088264e-01
  4.55315854e-01 -5.28822299e-01 -4.99839374e-01  1.35063833e-01
  6.26475760e-01  1.24996845e-01  3.41597057e-01 -1.06179379e-01
 -1.45425683e-01  5.06813449e-01 -1.15280091e-01 -4.64064650e-01
  2.34056036e-02 -2.29512336e-01 -3.52022278e-01  3.54988440e-01
 -1.47823898e-02 -2.19082218e-01  4.37761898e-01  1.31555009e-01
  2.23372451e-01  7.79361317e-02  2.38288736e-02 -2.60141733e-01
 -4.60759903e-01 -1.97053088e-01 -2.64825485e-01  9.69448831e-02
 -1.64019927e-01  1.19756191e-02  4.29830328e-01  2.62194526e-01
 -3.71606647e-01  3.34834682e-01 -1.17537269e-01  5.19511465e-01
 -3.24590591e-01]