best: 63.46063450592397
 
 
[-1.03082504e-01  5.14087305e-01  2.13934148e-01 -5.05802646e-01
 -2.89477219e-01  4.75782980e-01  4.19015200e-01  2.93819483e-01
  1.02581571e-01  3.55044201e-01 -1.67799030e-01  9.44498363e-02
  2.31424142e-01 -1.44721809e-01 -6.11734065e-02  5.33557376e-01
 -3.10539945e-01  9.80689024e-01 -1.55029799e-01 -4.17308158e-01
  3.03920392e-02 -7.46274369e-01 -2.18126801e-01 -9.81476182e-02
  1.24907457e-01  4.01316179e-01 -2.63468611e-01  3.07149928e-01
  3.49042463e-01  2.03493403e-01 -3.52548207e-01  1.79656069e-01
 -1.28713394e-02 -4.48205524e-01 -4.07676790e-01 -8.95068668e-02
 -6.24132760e-02  9.00084463e-02 -1.56217019e-01 -3.14382840e-02
  2.31340231e-01  8.80006811e-02 -4.16122471e-02  2.52375352e-01
 -7.30700014e-01  9.91066772e-02  2.63985569e-01 -4.80290520e-01
  4.97838745e-02  5.46851634e-02  4.95634059e-01  8.89877000e-02
 -2.02827292e-01 -2.88192804e-01  5.08951789e-01 -1.22513209e-01
 -4.39761947e-01 -1.62861375e-01 -5.12949091e-03 -6.39980129e-01
  3.08811326e-01  1.00815648e-01 -3.50976170e-01  1.79668549e-01
  2.08545114e-01 -5.25865340e-01  3.67685072e-01  4.40328818e-01
 -3.00514315e-01 -4.49315708e-01 -2.15165510e-01 -4.45365668e-01
 -1.70035051e-01  1.62762495e-01 -9.07774219e-02 -2.73759899e-02
  3.36396623e-01 -3.88403324e-01  6.25134573e-02  5.63908901e-01
  3.88085950e-01 -3.87693726e-01 -3.51527083e-01  1.83637904e-01
 -3.31517197e-01  1.82484156e-01 -3.91931905e-01  2.35211285e-01
  1.45408770e-01  7.08994931e-01 -2.67706700e-01  2.77905224e-01
  3.28236845e-01 -1.86024099e-02  3.71402046e-01  3.76635112e-01
 -4.35373010e-01 -3.55827391e-01  1.12680801e-01 -3.13356659e-01
  9.38847337e-02  1.78033575e-01 -2.90660815e-01 -2.76697897e-01
 -4.02406918e-01 -2.38358163e-01  6.15382164e-01 -2.15679612e-01
  3.09343505e-02 -1.64165475e-01 -3.05522097e-01  6.57031068e-02
 -2.48298044e-01  2.35169517e-01  2.02575554e-01 -2.05649984e-01
  2.15850748e-02 -4.70087400e-01  7.37657051e-02  1.17901921e-01
  4.76684889e-01 -1.10163970e-01 -8.97372846e-02  4.36895277e-02
 -2.37060227e-02 -2.92783750e-01  4.91513857e-01 -1.72789913e-01
 -1.00389050e-01 -1.89458911e-01  9.29600108e-02 -1.60654682e-01
 -2.36735598e-02 -1.12780391e-02  2.76480195e-02 -1.12279267e-01
 -1.13004245e-03 -4.43565108e-01 -3.36589052e-01 -4.98577531e-01
  5.14885735e-01  7.42851822e-02 -4.65480853e-01 -1.76758977e-02
  4.73324934e-01 -3.99243866e-01 -4.88319732e-01 -1.90865789e-01
 -1.19911210e-01  4.88460952e-01  3.01270591e-01  1.11256584e-01
 -9.14272266e-02  3.68859320e-02  4.44919212e-01 -1.90564845e-02
  1.87978915e-02 -6.03304630e-01 -4.44088495e-02  2.10198666e-01
 -9.53138030e-02 -1.72748615e-01 -2.90554137e-01  5.43242836e-01
  2.27079218e-01  1.88870553e-01  6.73771301e-01 -3.12695417e-01
  1.23376384e-01 -1.15630915e-01  3.74367405e-01 -4.70455027e-01
  1.11251607e-01  1.16486374e-01 -5.83010284e-02  1.99721942e-01
 -4.68375461e-02  2.01184596e-01  3.87137007e-01 -2.53391601e-01
  3.71639647e-01 -8.35253177e-02  5.71758657e-01  3.23022033e-01
 -4.37404094e-02  2.29667947e-01 -9.32628201e-02 -1.70941533e-01
 -1.32690853e-01  3.90401487e-02 -5.22752517e-01 -4.28862304e-01
 -5.49273941e-01  5.86915455e-01 -3.25763104e-02  3.61495417e-02
  1.30933293e-01  3.18471029e-01 -6.03450319e-01 -4.56416795e-02
  1.35037803e-01 -1.46765888e-01  2.21265206e-01  5.70938470e-01
 -6.94978856e-02 -5.40438502e-01 -3.72736272e-01  3.28182121e-01
 -5.92565930e-05  6.65881828e-03 -4.22895567e-01 -3.07989680e-01
 -8.04794758e-02  1.07985815e-01  5.54905005e-01 -5.26754086e-01
 -1.84579584e-01  1.06111782e-01  5.45094077e-01  2.85699355e-01
  3.96993778e-01  1.70307481e-01 -2.48079874e-02  2.87292633e-01
  1.10035420e-01  1.08502889e-01 -4.20796746e-01 -9.97156281e-02
  4.52187584e-01  3.04685303e-01 -4.69772760e-01  5.36928057e-01
  3.76795948e-01  1.67324022e-01  2.18034748e-01 -5.82158334e-01
  3.56294765e-02 -1.69989958e-01  1.16322871e-01  7.62073449e-02
 -3.65660499e-01 -2.44366146e-01 -1.50295746e-01 -2.35433154e-01
  4.12959367e-01 -1.38533839e-01  1.84937420e-01  1.46917589e-01
  2.86365652e-01 -2.62358378e-01  1.05107390e-01 -3.01152147e-01
 -4.62041667e-02  2.13132330e-01 -1.71942261e-02 -4.05809837e-02
  5.68041736e-02  5.55615955e-02 -1.36979175e-01 -1.63103548e-01
 -1.47367568e-01  2.16366102e-01 -2.98919715e-01 -2.78335735e-02
  2.50442771e-02]