best: 70.70763632202079
 
 
[ 0.09985569 -0.03816687  0.00940788 -0.86730183 -0.40249865 -0.08454846
 -0.66109693  0.25109925 -0.91092229  0.21736089  0.84512708  0.71377055
  0.68134353 -0.91818083 -0.72126982  0.17400691  0.79278059 -0.2052875
  0.01322572  0.04455348  0.44180308 -0.88699284  0.0673402   0.82551908
 -0.51354102  0.19394266  0.5612132  -0.1149656   0.62931368  0.2226852
  0.68154383  0.41732062 -0.85438157  0.47294608 -0.45901921 -0.25131358
 -0.700839   -0.87394473  0.72964464  0.79764465 -0.26494155  0.34140575
 -0.2952813  -0.88099548  0.14340916  0.05156565 -0.86298072  0.42145375
 -0.83907126  0.16442481 -0.8891493   0.5260104  -0.42287593 -0.40156918
 -0.02312946 -0.31400433  0.12835796 -0.75851179  0.18293535  0.57275532
  0.14405821  0.38579139  0.84152454 -0.22879891 -0.51617666 -0.24049586
  0.22019785  0.52068113 -0.85724629  0.7480087   0.56932692 -0.07518943
 -0.80658761 -0.36365495  0.21157404 -0.21760697  0.38907012 -0.16834059
 -0.27858226 -0.61752637  0.06016608  0.56938591  0.13501121 -0.41724464
  0.8523724  -0.72267919 -0.04443447  0.86828903  0.55322186  0.56396641
  0.18990294  0.29734245 -0.66628342  0.73286601  0.81182641  0.90069862
 -0.37100519  0.42274257 -0.85228005  0.53867948 -0.37602964  0.50506815
 -0.80984597 -0.37939178  0.94480463  0.19315122  0.20303041  0.67568107
  0.75079855  0.65448739 -0.39656452 -0.16655028 -0.52343533 -0.28122593
  0.84730955 -0.58776384 -0.69055947 -0.70579767  0.86630493 -0.70013577
  0.15222802 -0.37129155  0.48081097 -0.54636926 -0.48914895 -0.12218533
  0.39268589  0.89773894 -0.42415089 -0.78633522 -0.18516088  0.39762698
  0.81947963 -0.00486989 -0.7300422  -0.26700876 -0.31238883 -0.67659572
 -0.67612645 -0.2307774  -0.27984234 -0.48464471  0.62194172  0.34329915
  0.29159269 -0.42102777 -0.79147679  0.86607542 -0.07779582 -0.868694
 -0.53694347  0.13906503 -0.16332598  0.36773434 -0.32053517 -0.86543328
 -0.40996428  0.43894132 -0.23621622 -0.0878513  -0.52383221 -0.80601959
  0.60183564 -0.83899854  0.25279918 -0.69942075  0.82795861  0.30709183
  0.58525749 -0.42544572 -0.15007347  0.84966647  0.00557783  0.46117852
  0.39730267  0.74312953 -0.52710535  0.83598559 -0.05063788 -0.24191582
  0.75291262 -0.57021158  0.04156074  0.67380704  0.71628503 -0.95188991
  0.4779313   0.71773567 -0.56226569 -0.01913257 -0.75557573  0.01713274
 -0.32447223 -0.08871924  0.28601924  0.60678276 -0.56218124 -0.90234939
 -0.90398622  0.21055678 -0.57781509 -0.17737862  0.49046397  0.71696438
 -0.9093664  -0.216371   -0.70551953 -0.77742435 -0.71868922 -0.20741663
  0.02056684  0.7316233  -0.02658743  0.64684591 -0.69576478 -0.08566139
 -0.80958474 -0.74560787 -0.46636317 -0.41289086  0.8026635   0.26678478
 -0.62597859  0.61978308  0.49811266  0.54612951 -0.24710171  0.65786359
  0.61426549 -0.62837086 -0.3785476   0.71624159  0.00169287  0.18679898
  0.4498156  -0.39346561  0.73128302 -0.57673825  0.42021071  0.17622848
  0.37087271 -0.73706981  0.48704516  0.91963921 -0.19858212  0.71506363
  0.72958504 -0.26680915 -0.30430029 -0.77542547 -0.81442934  0.81203964
  0.62770416  0.17206408  0.67128529 -0.74785891  0.02847091 -0.94697219
 -0.29199921  0.5489576  -0.03671248 -0.56340842 -0.20721844 -0.14396411
  0.88774936]